0.201659 0.712270
-1.000000 1.000000
0.434625 0.737468
1.000000 -1.000000
0.270127 0.350169
1.000000 -1.000000
0.344335 0.861387
-1.000000 1.000000
0.551939 0.830532
-1.000000 1.000000
0.098556 0.668841
-1.000000 1.000000
0.964377 0.630130
-1.000000 1.000000
0.564939 0.195009
-1.000000 1.000000
0.718992 0.669045
1.000000 -1.000000
0.531731 0.234049
1.000000 -1.000000
0.211395 0.541755
1.000000 -1.000000
0.504595 0.747227
1.000000 -1.000000
0.101564 0.797218
-1.000000 1.000000
0.415183 0.596503
1.000000 -1.000000
0.083719 0.725106
-1.000000 1.000000
0.099084 0.251108
-1.000000 1.000000
0.808924 0.515260
-1.000000 1.000000
0.628693 0.740710
1.000000 -1.000000
0.682137 0.345211
1.000000 -1.000000
0.529850 0.207523
1.000000 -1.000000
0.711140 0.218363
-1.000000 1.000000
0.411987 0.480708
1.000000 -1.000000
0.218213 0.405444
1.000000 -1.000000
0.947471 0.644975
-1.000000 1.000000
0.162666 0.288693
-1.000000 1.000000
0.550834 0.813613
-1.000000 1.000000
0.185744 0.793875
-1.000000 1.000000
0.384073 0.584818
1.000000 -1.000000
0.146806 0.155278
-1.000000 1.000000
0.634902 0.844725
-1.000000 1.000000
0.590832 0.231762
1.000000 -1.000000
0.334961 0.284601
1.000000 -1.000000
0.089014 0.613902
-1.000000 1.000000
0.598722 0.126278
-1.000000 1.000000
0.057634 0.660604
-1.000000 1.000000
0.502851 0.035382
-1.000000 1.000000
0.913497 0.273770
-1.000000 1.000000
0.628029 0.032552
-1.000000 1.000000
0.099587 0.574972
-1.000000 1.000000
0.249182 0.847862
-1.000000 1.000000
0.471983 0.684711
1.000000 -1.000000
0.357535 0.707524
1.000000 -1.000000
0.686122 0.043066
-1.000000 1.000000
0.870858 0.825492
-1.000000 1.000000
0.474472 0.114552
-1.000000 1.000000
0.839980 0.659858
-1.000000 1.000000
0.617992 0.375972
1.000000 -1.000000
0.672417 0.064647
-1.000000 1.000000
0.126893 0.669721
-1.000000 1.000000
0.635442 0.889049
-1.000000 1.000000
0.857783 0.285350
-1.000000 1.000000
0.411073 0.855870
-1.000000 1.000000
0.124302 0.749106
-1.000000 1.000000
0.517695 0.430722
1.000000 -1.000000
0.321116 0.405628
1.000000 -1.000000
0.466145 0.097460
-1.000000 1.000000
0.722492 0.226028
-1.000000 1.000000
0.570421 0.249897
1.000000 -1.000000
0.245782 0.662826
-1.000000 1.000000
0.661268 0.962919
-1.000000 1.000000
0.529860 0.114147
-1.000000 1.000000
0.517354 0.518677
1.000000 -1.000000
0.560778 0.705071
1.000000 -1.000000
0.591508 0.881700
-1.000000 1.000000
0.862569 0.411665
-1.000000 1.000000
0.251760 0.232625
-1.000000 1.000000
0.820322 0.859995
-1.000000 1.000000
0.630970 0.131499
-1.000000 1.000000
0.303761 0.568613
1.000000 -1.000000
0.224659 0.771134
-1.000000 1.000000
0.450147 0.926978
-1.000000 1.000000
0.822863 0.737876
-1.000000 1.000000
0.354894 0.812137
-1.000000 1.000000
0.625177 0.381355
1.000000 -1.000000
0.258207 0.547985
1.000000 -1.000000
0.526091 0.842864
-1.000000 1.000000
0.771330 0.118691
-1.000000 1.000000
0.732073 0.675793
1.000000 -1.000000
0.740653 0.503648
1.000000 -1.000000
0.333367 0.292788
1.000000 -1.000000
0.749642 0.425876
1.000000 -1.000000
0.359752 0.488769
1.000000 -1.000000
0.698099 0.186326
-1.000000 1.000000
0.861052 0.499576
-1.000000 1.000000
0.531431 0.559847
1.000000 -1.000000
0.557317 0.234843
1.000000 -1.000000
0.492134 0.484587
1.000000 -1.000000
0.667481 0.729841
1.000000 -1.000000
0.618894 0.715720
1.000000 -1.000000
0.314683 0.235215
-1.000000 1.000000
0.673226 0.325231
1.000000 -1.000000
0.061862 0.308548
-1.000000 1.000000
0.840548 0.473082
-1.000000 1.000000
0.978885 0.512838
-1.000000 1.000000
0.436738 0.404471
1.000000 -1.000000
0.098563 0.414942
-1.000000 1.000000
0.841538 0.663323
-1.000000 1.000000
0.135907 0.181915
-1.000000 1.000000
0.901121 0.249333
-1.000000 1.000000
0.883126 0.678778
-1.000000 1.000000
0.573686 0.551492
1.000000 -1.000000
0.278638 0.165719
-1.000000 1.000000
0.276629 0.923606
-1.000000 1.000000
0.247121 0.282915
-1.000000 1.000000
0.205177 0.824564
-1.000000 1.000000
0.454535 0.702300
1.000000 -1.000000
0.224674 0.432498
1.000000 -1.000000
0.201894 0.802014
-1.000000 1.000000
0.826432 0.772983
-1.000000 1.000000
0.502844 0.426091
1.000000 -1.000000
0.536462 0.067132
-1.000000 1.000000
0.620006 0.017168
-1.000000 1.000000
0.547768 0.576637
1.000000 -1.000000
0.583047 0.765599
1.000000 -1.000000
0.953551 0.578207
-1.000000 1.000000
0.413426 0.060828
-1.000000 1.000000
0.142345 0.198792
-1.000000 1.000000
0.404293 0.591708
1.000000 -1.000000
0.489011 0.408003
1.000000 -1.000000
0.407556 0.123470
-1.000000 1.000000
0.690664 0.359862
1.000000 -1.000000
0.358692 0.681514
1.000000 -1.000000
0.577066 0.525276
1.000000 -1.000000
0.670031 0.582886
1.000000 -1.000000
0.543957 0.518797
1.000000 -1.000000
0.230350 0.147082
-1.000000 1.000000
0.102457 0.535710
-1.000000 1.000000
0.301478 0.451855
1.000000 -1.000000
0.428234 0.771395
1.000000 -1.000000
0.283515 0.411441
1.000000 -1.000000
0.801495 0.406971
-1.000000 1.000000
0.024389 0.563571
-1.000000 1.000000
0.314320 0.259013
-1.000000 1.000000
0.651523 0.723182
1.000000 -1.000000
0.587347 0.189523
-1.000000 1.000000
0.552044 0.036659
-1.000000 1.000000
0.936557 0.736990
-1.000000 1.000000
0.648198 0.831942
-1.000000 1.000000
0.609617 0.079802
-1.000000 1.000000
0.539392 0.417035
1.000000 -1.000000
0.646500 0.192669
-1.000000 1.000000
0.464091 0.240209
1.000000 -1.000000
0.678468 0.202625
-1.000000 1.000000
0.958511 0.489488
-1.000000 1.000000
0.823555 0.451349
-1.000000 1.000000
0.686566 0.477431
1.000000 -1.000000
0.557973 0.013307
-1.000000 1.000000
0.913109 0.504867
-1.000000 1.000000
0.141001 0.610196
-1.000000 1.000000
0.469058 0.009711
-1.000000 1.000000
0.886902 0.574912
-1.000000 1.000000
0.665434 0.268154
1.000000 -1.000000
0.651434 0.872893
-1.000000 1.000000
0.809120 0.392560
-1.000000 1.000000
0.762373 0.645137
1.000000 -1.000000
0.284421 0.809456
-1.000000 1.000000
0.109373 0.526942
-1.000000 1.000000
0.254972 0.669428
1.000000 -1.000000
0.699266 0.821050
-1.000000 1.000000
0.494650 0.666617
1.000000 -1.000000
0.640878 0.215023
-1.000000 1.000000
0.137337 0.509108
-1.000000 1.000000
0.629507 0.922867
-1.000000 1.000000
0.463568 0.402167
1.000000 -1.000000
0.626485 0.104259
-1.000000 1.000000
0.228655 0.318041
-1.000000 1.000000
0.272341 0.858641
-1.000000 1.000000
0.579045 0.096008
-1.000000 1.000000
0.386103 0.468147
1.000000 -1.000000
0.911311 0.712633
-1.000000 1.000000
0.916613 0.377508
-1.000000 1.000000
0.774832 0.914735
-1.000000 1.000000
0.146910 0.165448
-1.000000 1.000000
0.259362 0.121461
-1.000000 1.000000
0.465637 0.439050
1.000000 -1.000000
0.669745 0.041874
-1.000000 1.000000
0.698125 0.660974
1.000000 -1.000000
0.767154 0.124827
-1.000000 1.000000
0.921591 0.237799
-1.000000 1.000000
0.574330 0.488999
1.000000 -1.000000
0.553036 0.006517
-1.000000 1.000000
0.475796 0.175794
-1.000000 1.000000
0.291327 0.150084
-1.000000 1.000000
0.477154 0.557264
1.000000 -1.000000
0.457982 0.489767
1.000000 -1.000000
0.539665 0.257840
1.000000 -1.000000
0.830015 0.808449
-1.000000 1.000000
0.248935 0.177823
-1.000000 1.000000
0.621945 0.749502
1.000000 -1.000000
0.463712 0.502474
1.000000 -1.000000
0.664160 0.135474
-1.000000 1.000000
0.560896 0.534077
1.000000 -1.000000
0.974524 0.510589
-1.000000 1.000000
0.477033 0.966283
-1.000000 1.000000
0.578092 0.392611
1.000000 -1.000000
0.545366 0.456106
1.000000 -1.000000
0.640700 0.831637
-1.000000 1.000000
0.906591 0.512056
-1.000000 1.000000
0.486016 0.047859
-1.000000 1.000000
0.715311 0.329813
1.000000 -1.000000
0.440687 0.681883
1.000000 -1.000000
0.858297 0.718722
-1.000000 1.000000
0.589734 0.808654
-1.000000 1.000000
0.169449 0.320726
-1.000000 1.000000
0.272029 0.808601
-1.000000 1.000000
0.335241 0.270151
1.000000 -1.000000
0.429320 0.432711
1.000000 -1.000000
0.217679 0.624252
-1.000000 1.000000
0.596587 0.340188
1.000000 -1.000000
0.443912 0.176852
-1.000000 1.000000
0.611863 0.427483
1.000000 -1.000000
0.365594 0.604213
1.000000 -1.000000
0.204236 0.675351
-1.000000 1.000000
0.430483 0.648976
1.000000 -1.000000
0.653715 0.961053
-1.000000 1.000000
0.398664 0.848617
-1.000000 1.000000
0.767175 0.920322
-1.000000 1.000000
0.837649 0.640620
-1.000000 1.000000
0.603315 0.039200
-1.000000 1.000000
0.162643 0.635394
-1.000000 1.000000
0.353057 0.628928
1.000000 -1.000000
0.726519 0.471958
1.000000 -1.000000
0.709628 0.681236
1.000000 -1.000000
0.273028 0.059403
-1.000000 1.000000
0.890161 0.231898
-1.000000 1.000000
0.249632 0.561120
1.000000 -1.000000
0.378260 0.873765
-1.000000 1.000000
0.947221 0.576899
-1.000000 1.000000
0.723769 0.802721
-1.000000 1.000000
0.186099 0.214973
-1.000000 1.000000
0.776124 0.664479
-1.000000 1.000000
0.662695 0.484858
1.000000 -1.000000
0.290331 0.880646
-1.000000 1.000000
0.452527 0.743223
1.000000 -1.000000
0.207457 0.708182
-1.000000 1.000000
0.169264 0.716494
-1.000000 1.000000
0.932667 0.311128
-1.000000 1.000000
0.240706 0.285048
-1.000000 1.000000
0.722730 0.927061
-1.000000 1.000000
0.043648 0.349043
-1.000000 1.000000
0.423596 0.167973
-1.000000 1.000000
0.715073 0.700911
1.000000 -1.000000
0.344983 0.061414
-1.000000 1.000000
0.105446 0.438151
-1.000000 1.000000
0.513372 0.967474
-1.000000 1.000000
0.589383 0.117731
-1.000000 1.000000
0.530951 0.372132
1.000000 -1.000000
0.340922 0.863380
-1.000000 1.000000
0.145948 0.320067
-1.000000 1.000000
0.645091 0.831063
-1.000000 1.000000
0.264707 0.282238
-1.000000 1.000000
0.857656 0.538124
-1.000000 1.000000
0.374877 0.620285
1.000000 -1.000000
0.747341 0.335103
1.000000 -1.000000
0.706191 0.679843
1.000000 -1.000000
0.338769 0.830088
-1.000000 1.000000
0.873576 0.314771
-1.000000 1.000000
0.538842 0.201453
-1.000000 1.000000
0.360268 0.561516
1.000000 -1.000000
0.354538 0.823426
-1.000000 1.000000
0.432400 0.569409
1.000000 -1.000000
0.400189 0.497662
1.000000 -1.000000
0.791941 0.410159
-1.000000 1.000000
0.622624 0.213325
-1.000000 1.000000
0.326427 0.834926
-1.000000 1.000000
0.522488 0.245166
1.000000 -1.000000
0.824042 0.690158
-1.000000 1.000000
0.061539 0.538486
-1.000000 1.000000
0.342062 0.658710
1.000000 -1.000000
0.468382 0.020399
-1.000000 1.000000
0.168333 0.844336
-1.000000 1.000000
0.516426 0.114216
-1.000000 1.000000
0.807831 0.800731
-1.000000 1.000000
0.431872 0.606810
1.000000 -1.000000
0.094923 0.608012
-1.000000 1.000000
0.305553 0.213367
-1.000000 1.000000
0.908742 0.244671
-1.000000 1.000000
0.560483 0.258808
1.000000 -1.000000
0.728528 0.337562
1.000000 -1.000000
0.562153 0.346041
1.000000 -1.000000
0.555372 0.409636
1.000000 -1.000000
0.782045 0.139243
-1.000000 1.000000
0.752083 0.860929
-1.000000 1.000000
0.206186 0.490233
1.000000 -1.000000
0.736093 0.355749
1.000000 -1.000000
0.501426 0.895688
-1.000000 1.000000
0.724946 0.514511
1.000000 -1.000000
0.808275 0.311624
-1.000000 1.000000
0.140709 0.222111
-1.000000 1.000000
0.366685 0.593190
1.000000 -1.000000
0.194877 0.300098
-1.000000 1.000000
0.745385 0.677372
-1.000000 1.000000
0.863778 0.568940
-1.000000 1.000000
0.740824 0.383036
1.000000 -1.000000
0.367455 0.665438
1.000000 -1.000000
0.200616 0.344800
-1.000000 1.000000
0.610964 0.398227
1.000000 -1.000000
0.230765 0.143681
-1.000000 1.000000
0.509218 0.465362
1.000000 -1.000000
0.871463 0.776716
-1.000000 1.000000
0.269973 0.325546
1.000000 -1.000000
0.494657 0.953261
-1.000000 1.000000
0.518083 0.744950
1.000000 -1.000000
0.279757 0.721031
-1.000000 1.000000
0.664029 0.883600
-1.000000 1.000000
0.095512 0.453182
-1.000000 1.000000
0.839073 0.402099
-1.000000 1.000000
0.213708 0.660331
-1.000000 1.000000
0.600235 0.380851
1.000000 -1.000000
0.427718 0.399670
1.000000 -1.000000
0.286394 0.826245
-1.000000 1.000000
0.661209 0.354418
1.000000 -1.000000
0.787019 0.343856
-1.000000 1.000000
0.682476 0.401936
1.000000 -1.000000
0.675711 0.232524
-1.000000 1.000000
0.552880 0.899798
-1.000000 1.000000
0.485842 0.200031
-1.000000 1.000000
0.629419 0.689006
1.000000 -1.000000
0.778209 0.495826
1.000000 -1.000000
0.705519 0.103827
-1.000000 1.000000
0.938618 0.593499
-1.000000 1.000000
0.236654 0.305533
-1.000000 1.000000
0.456184 0.929582
-1.000000 1.000000
0.561271 0.607667
1.000000 -1.000000
0.909672 0.214597
-1.000000 1.000000
0.202204 0.554325
-1.000000 1.000000
0.371331 0.343014
1.000000 -1.000000
0.868200 0.242485
-1.000000 1.000000
0.328211 0.105821
-1.000000 1.000000
0.494317 0.405121
1.000000 -1.000000
0.673677 0.040931
-1.000000 1.000000
0.837061 0.323477
-1.000000 1.000000
0.187333 0.574037
-1.000000 1.000000
0.303643 0.069620
-1.000000 1.000000
0.521784 0.754726
1.000000 -1.000000
0.452390 0.823469
-1.000000 1.000000
0.433306 0.009982
-1.000000 1.000000
0.929300 0.540501
-1.000000 1.000000
0.569050 0.645492
1.000000 -1.000000
0.465409 0.144802
-1.000000 1.000000
0.650010 0.251648
1.000000 -1.000000
0.625630 0.928406
-1.000000 1.000000
0.603361 0.519613
1.000000 -1.000000
0.529152 0.419028
1.000000 -1.000000
0.361983 0.353023
1.000000 -1.000000
0.264860 0.300969
-1.000000 1.000000
0.512082 0.677790
1.000000 -1.000000
0.638885 0.198986
-1.000000 1.000000
0.572584 0.177609
-1.000000 1.000000
0.428161 0.676586
1.000000 -1.000000
0.220084 0.194992
-1.000000 1.000000
0.750226 0.727243
-1.000000 1.000000
0.803483 0.442910
-1.000000 1.000000
0.672701 0.376723
1.000000 -1.000000
0.796555 0.503417
1.000000 -1.000000
0.667207 0.397159
1.000000 -1.000000
0.874430 0.537381
-1.000000 1.000000
0.967380 0.391544
-1.000000 1.000000
0.464331 0.717754
1.000000 -1.000000
0.666629 0.451925
1.000000 -1.000000
0.419499 0.472875
1.000000 -1.000000
0.127456 0.369772
-1.000000 1.000000
0.259465 0.433664
1.000000 -1.000000
0.241826 0.825287
-1.000000 1.000000
0.258017 0.779133
-1.000000 1.000000
0.308277 0.904810
-1.000000 1.000000
0.929519 0.561338
-1.000000 1.000000
0.672580 0.169808
-1.000000 1.000000
0.065787 0.347302
-1.000000 1.000000
0.824828 0.492682
-1.000000 1.000000
0.718711 0.688715
1.000000 -1.000000
0.713807 0.915688
-1.000000 1.000000
0.777222 0.102636
-1.000000 1.000000
0.259315 0.530526
1.000000 -1.000000
0.967873 0.528055
-1.000000 1.000000
0.333933 0.376508
1.000000 -1.000000
0.773528 0.428930
1.000000 -1.000000
0.845990 0.377419
-1.000000 1.000000
0.470566 0.638006
1.000000 -1.000000
0.228343 0.780210
-1.000000 1.000000
0.442710 0.395677
1.000000 -1.000000
0.760649 0.278174
-1.000000 1.000000
0.451993 0.106371
-1.000000 1.000000
0.370950 0.522790
1.000000 -1.000000
0.863299 0.668757
-1.000000 1.000000
0.419609 0.239203
1.000000 -1.000000
0.254790 0.352757
1.000000 -1.000000
0.308725 0.366660
1.000000 -1.000000
0.271956 0.697988
-1.000000 1.000000
0.508191 0.484615
1.000000 -1.000000
0.445874 0.468721
1.000000 -1.000000
0.084749 0.273867
-1.000000 1.000000
0.539037 0.431947
1.000000 -1.000000
0.133016 0.647087
-1.000000 1.000000
0.252951 0.411763
1.000000 -1.000000
0.590513 0.978325
-1.000000 1.000000
0.275008 0.710846
-1.000000 1.000000
0.688887 0.379285
1.000000 -1.000000
0.470186 0.539514
1.000000 -1.000000
0.438548 0.061356
-1.000000 1.000000
0.805707 0.210987
-1.000000 1.000000
0.609486 0.690885
1.000000 -1.000000
0.213863 0.781456
-1.000000 1.000000
0.205997 0.556061
1.000000 -1.000000
0.011787 0.545814
-1.000000 1.000000
0.375582 0.803606
-1.000000 1.000000
0.892912 0.685713
-1.000000 1.000000
0.879111 0.231034
-1.000000 1.000000
0.324257 0.136797
-1.000000 1.000000
0.365010 0.629611
1.000000 -1.000000
0.765951 0.488333
1.000000 -1.000000
0.725300 0.520532
1.000000 -1.000000
0.764298 0.696118
-1.000000 1.000000
0.811525 0.187305
-1.000000 1.000000
0.549409 0.041695
-1.000000 1.000000
0.839865 0.560520
-1.000000 1.000000
0.186658 0.886079
-1.000000 1.000000
0.641429 0.819004
-1.000000 1.000000
0.429058 0.287140
1.000000 -1.000000
0.230700 0.625997
1.000000 -1.000000
0.803633 0.868551
-1.000000 1.000000
0.534674 0.984692
-1.000000 1.000000
0.716772 0.730355
-1.000000 1.000000
0.068478 0.325145
-1.000000 1.000000
0.933605 0.635589
-1.000000 1.000000
0.667293 0.900436
-1.000000 1.000000
0.294132 0.860012
-1.000000 1.000000
0.139044 0.335681
-1.000000 1.000000
0.236246 0.602662
1.000000 -1.000000
0.567214 0.877946
-1.000000 1.000000
0.255576 0.169944
-1.000000 1.000000
0.231602 0.583657
1.000000 -1.000000
0.205182 0.827094
-1.000000 1.000000
0.227627 0.306515
-1.000000 1.000000
0.819029 0.484222
-1.000000 1.000000
0.502988 0.703622
1.000000 -1.000000
0.919343 0.641846
-1.000000 1.000000
0.405520 0.387371
1.000000 -1.000000
0.778756 0.480255
1.000000 -1.000000
0.884956 0.310911
-1.000000 1.000000
0.606955 0.256332
1.000000 -1.000000
0.116524 0.691896
-1.000000 1.000000
0.718865 0.743833
-1.000000 1.000000
0.122046 0.656379
-1.000000 1.000000
0.628463 0.538792
1.000000 -1.000000
0.036832 0.337672
-1.000000 1.000000
0.957108 0.605687
-1.000000 1.000000
0.905349 0.682662
-1.000000 1.000000
0.616505 0.041909
-1.000000 1.000000
0.471609 0.483028
1.000000 -1.000000
0.880807 0.561153
-1.000000 1.000000
0.442627 0.438282
1.000000 -1.000000
0.188717 0.350491
-1.000000 1.000000
0.468723 0.786978
1.000000 -1.000000
0.298241 0.449926
1.000000 -1.000000
0.577555 0.463312
1.000000 -1.000000
0.690840 0.172766
-1.000000 1.000000
0.264353 0.828104
-1.000000 1.000000
0.940368 0.434309
-1.000000 1.000000
0.218593 0.765887
-1.000000 1.000000
0.484948 0.587550
1.000000 -1.000000
0.212148 0.885338
-1.000000 1.000000
0.304533 0.076673
-1.000000 1.000000
0.331047 0.472322
1.000000 -1.000000
0.783546 0.364327
-1.000000 1.000000
0.325691 0.479766
1.000000 -1.000000
0.350753 0.141223
-1.000000 1.000000
0.098690 0.774251
-1.000000 1.000000
0.536883 0.718668
1.000000 -1.000000
0.775820 0.118403
-1.000000 1.000000
0.846496 0.184049
-1.000000 1.000000
0.410705 0.441672
1.000000 -1.000000
0.097198 0.659285
-1.000000 1.000000
0.571448 0.890511
-1.000000 1.000000
0.763092 0.415416
1.000000 -1.000000
0.862925 0.664261
-1.000000 1.000000
0.425649 0.792345
-1.000000 1.000000
0.685485 0.166352
-1.000000 1.000000
0.640442 0.276127
1.000000 -1.000000
0.502827 0.735318
1.000000 -1.000000
0.645368 0.724856
1.000000 -1.000000
0.684490 0.408417
1.000000 -1.000000
0.644979 0.195842
-1.000000 1.000000
0.226146 0.885229
-1.000000 1.000000
0.184598 0.122477
-1.000000 1.000000
0.677685 0.083280
-1.000000 1.000000
0.746920 0.642798
1.000000 -1.000000
0.110724 0.355302
-1.000000 1.000000
0.985383 0.573621
-1.000000 1.000000
0.291817 0.621839
1.000000 -1.000000
0.369665 0.714635
1.000000 -1.000000
0.658361 0.887334
-1.000000 1.000000
0.305363 0.758789
-1.000000 1.000000
0.546909 0.534055
1.000000 -1.000000
0.717132 0.582261
1.000000 -1.000000
0.499826 0.581568
1.000000 -1.000000
0.369972 0.903281
-1.000000 1.000000
0.851807 0.267757
-1.000000 1.000000
0.798149 0.469534
1.000000 -1.000000
0.304065 0.433535
1.000000 -1.000000
0.872184 0.797411
-1.000000 1.000000
0.656783 0.160321
-1.000000 1.000000
0.442589 0.399997
1.000000 -1.000000
0.434210 0.759256
1.000000 -1.000000
0.246451 0.375007
1.000000 -1.000000
0.534149 0.379145
1.000000 -1.000000
0.151565 0.833280
-1.000000 1.000000
0.299119 0.475090
1.000000 -1.000000
0.754210 0.663444
-1.000000 1.000000
0.760723 0.152830
-1.000000 1.000000
0.946574 0.381404
-1.000000 1.000000
0.880404 0.729591
-1.000000 1.000000
0.709265 0.409039
1.000000 -1.000000
0.137651 0.424146
-1.000000 1.000000
0.278989 0.441853
1.000000 -1.000000
0.348033 0.124575
-1.000000 1.000000
0.656644 0.109246
-1.000000 1.000000
0.759742 0.648235
1.000000 -1.000000
0.689984 0.618142
1.000000 -1.000000
0.417151 0.743721
1.000000 -1.000000
0.307736 0.842152
-1.000000 1.000000
0.677220 0.541231
1.000000 -1.000000
0.669404 0.036147
-1.000000 1.000000
0.814732 0.542149
-1.000000 1.000000
0.547675 0.481268
1.000000 -1.000000
0.268790 0.547411
1.000000 -1.000000
0.506721 0.572069
1.000000 -1.000000
0.691312 0.881240
-1.000000 1.000000
0.693577 0.795039
-1.000000 1.000000
0.738142 0.835360
-1.000000 1.000000
0.469129 0.988318
-1.000000 1.000000
0.899015 0.584892
-1.000000 1.000000
0.739216 0.709018
-1.000000 1.000000
0.514062 0.298755
1.000000 -1.000000
0.165557 0.690633
-1.000000 1.000000
0.648614 0.500777
1.000000 -1.000000
0.284797 0.378378
1.000000 -1.000000
0.530665 0.711914
1.000000 -1.000000
0.278889 0.936377
-1.000000 1.000000
0.505550 0.476660
1.000000 -1.000000
0.677279 0.854794
-1.000000 1.000000
0.486118 0.452793
1.000000 -1.000000
0.329068 0.066816
-1.000000 1.000000
0.793991 0.526305
1.000000 -1.000000
0.484349 0.212976
1.000000 -1.000000
0.954829 0.511409
-1.000000 1.000000
0.401224 0.811424
-1.000000 1.000000
0.366074 0.940787
-1.000000 1.000000
0.152175 0.177118
-1.000000 1.000000
0.908515 0.748189
-1.000000 1.000000
0.270524 0.806532
-1.000000 1.000000
0.266774 0.650326
1.000000 -1.000000
0.090454 0.215612
-1.000000 1.000000
0.521972 0.817071
-1.000000 1.000000
0.414573 0.705636
1.000000 -1.000000
0.923964 0.387412
-1.000000 1.000000
0.472382 0.607267
1.000000 -1.000000
0.708479 0.245235
-1.000000 1.000000
0.616612 0.599583
1.000000 -1.000000
0.794608 0.824285
-1.000000 1.000000
0.857839 0.233262
-1.000000 1.000000
0.524952 0.345862
1.000000 -1.000000
0.576705 0.125678
-1.000000 1.000000
0.406121 0.223664
1.000000 -1.000000
0.123529 0.828717
-1.000000 1.000000
0.508359 0.858014
-1.000000 1.000000
0.199108 0.153431
-1.000000 1.000000
0.222223 0.499448
1.000000 -1.000000
0.051866 0.328685
-1.000000 1.000000
0.700855 0.284777
1.000000 -1.000000
0.490663 0.260532
1.000000 -1.000000
0.457189 0.818789
-1.000000 1.000000
0.112233 0.697558
-1.000000 1.000000
0.366335 0.542221
1.000000 -1.000000
0.474623 0.249021
1.000000 -1.000000
0.174137 0.250417
-1.000000 1.000000
0.326184 0.768915
-1.000000 1.000000
0.466748 0.045474
-1.000000 1.000000
0.065943 0.398468
-1.000000 1.000000
0.743987 0.538664
1.000000 -1.000000
0.448194 0.629718
1.000000 -1.000000
0.764313 0.898382
-1.000000 1.000000
0.815038 0.759567
-1.000000 1.000000
0.280252 0.148147
-1.000000 1.000000
0.732576 0.561531
1.000000 -1.000000
0.157020 0.787757
-1.000000 1.000000
0.626316 0.456685
1.000000 -1.000000
0.352401 0.188419
-1.000000 1.000000
0.544151 0.846662
-1.000000 1.000000
0.060072 0.564185
-1.000000 1.000000
0.674556 0.604191
1.000000 -1.000000
0.488188 0.274198
1.000000 -1.000000
0.049369 0.368358
-1.000000 1.000000
0.398977 0.085274
-1.000000 1.000000
0.667774 0.305723
1.000000 -1.000000
0.059128 0.732320
-1.000000 1.000000
0.134303 0.263801
-1.000000 1.000000
0.891709 0.388895
-1.000000 1.000000
0.423442 0.091258
-1.000000 1.000000
0.825240 0.799264
-1.000000 1.000000
0.161524 0.812509
-1.000000 1.000000
0.429137 0.710747
1.000000 -1.000000
0.396353 0.011823
-1.000000 1.000000
0.131553 0.696855
-1.000000 1.000000
0.379998 0.335877
1.000000 -1.000000
0.567080 0.508713
1.000000 -1.000000
0.189958 0.474879
-1.000000 1.000000
0.206020 0.643351
-1.000000 1.000000
0.029677 0.507422
-1.000000 1.000000
0.179798 0.875310
-1.000000 1.000000
0.753057 0.359221
1.000000 -1.000000
0.701424 0.311047
1.000000 -1.000000
0.467377 0.154235
-1.000000 1.000000
0.156044 0.836263
-1.000000 1.000000
0.680274 0.879815
-1.000000 1.000000
0.278584 0.326886
1.000000 -1.000000
0.386388 0.979945
-1.000000 1.000000
0.456593 0.767123
1.000000 -1.000000
0.513212 0.083616
-1.000000 1.000000
0.189679 0.436247
-1.000000 1.000000
0.597648 0.379876
1.000000 -1.000000
0.806147 0.334171
-1.000000 1.000000
0.250147 0.570548
1.000000 -1.000000
0.468116 0.423975
1.000000 -1.000000
0.409914 0.151781
-1.000000 1.000000
0.451027 0.845463
-1.000000 1.000000
0.768516 0.871015
-1.000000 1.000000
0.371084 0.302151
1.000000 -1.000000
0.546279 0.493506
1.000000 -1.000000
0.414919 0.184180
-1.000000 1.000000
0.589522 0.149298
-1.000000 1.000000
0.046009 0.315021
-1.000000 1.000000
0.463539 0.477672
1.000000 -1.000000
0.600154 0.231463
1.000000 -1.000000
0.571583 0.374340
1.000000 -1.000000
0.613103 0.603690
1.000000 -1.000000
0.228284 0.791553
-1.000000 1.000000
0.071112 0.273716
-1.000000 1.000000
0.761275 0.553375
1.000000 -1.000000
0.671570 0.215230
-1.000000 1.000000
0.766679 0.114857
-1.000000 1.000000
0.436358 0.356609
1.000000 -1.000000
0.558682 0.390530
1.000000 -1.000000
0.791492 0.707700
-1.000000 1.000000
0.319244 0.247457
-1.000000 1.000000
0.661881 0.693426
1.000000 -1.000000
0.928310 0.561185
-1.000000 1.000000
0.636864 0.868770
-1.000000 1.000000
0.431729 0.007720
-1.000000 1.000000
0.449826 0.758454
1.000000 -1.000000
0.382142 0.741895
1.000000 -1.000000
0.416280 0.652940
1.000000 -1.000000
0.221660 0.634491
-1.000000 1.000000
0.374147 0.018400
-1.000000 1.000000
0.426525 0.245018
1.000000 -1.000000
0.567282 0.162624
-1.000000 1.000000
0.237375 0.338553
-1.000000 1.000000
0.571157 0.184356
-1.000000 1.000000
0.624108 0.266332
1.000000 -1.000000
0.534533 0.517237
1.000000 -1.000000
0.354329 0.235810
-1.000000 1.000000
0.442475 0.992740
-1.000000 1.000000
0.630061 0.710890
1.000000 -1.000000
0.392130 0.172290
-1.000000 1.000000
0.711951 0.430635
1.000000 -1.000000
0.341404 0.230164
-1.000000 1.000000
0.598187 0.437556
1.000000 -1.000000
0.281714 0.768711
-1.000000 1.000000
0.298018 0.798431
-1.000000 1.000000
0.369343 0.511998
1.000000 -1.000000
0.771702 0.137642
-1.000000 1.000000
0.152855 0.851851
-1.000000 1.000000
0.261144 0.629032
1.000000 -1.000000
0.560175 0.870806
-1.000000 1.000000
0.929095 0.698507
-1.000000 1.000000
0.678758 0.936802
-1.000000 1.000000
0.828742 0.404965
-1.000000 1.000000
0.137423 0.291084
-1.000000 1.000000
0.109145 0.479831
-1.000000 1.000000
0.249976 0.392910
1.000000 -1.000000
0.263013 0.480355
1.000000 -1.000000
0.674646 0.673534
1.000000 -1.000000
0.125006 0.632505
-1.000000 1.000000
0.526992 0.004486
-1.000000 1.000000
0.406330 0.128454
-1.000000 1.000000
0.917836 0.600249
-1.000000 1.000000
0.138306 0.657102
-1.000000 1.000000
0.590135 0.384196
1.000000 -1.000000
0.200606 0.115905
-1.000000 1.000000
0.302548 0.472614
1.000000 -1.000000
0.475133 0.028255
-1.000000 1.000000
0.520079 0.821173
-1.000000 1.000000
0.621063 0.695950
1.000000 -1.000000
0.435290 0.552213
1.000000 -1.000000
0.155234 0.695570
-1.000000 1.000000
0.653558 0.611547
1.000000 -1.000000
0.573372 0.272280
1.000000 -1.000000
0.396162 0.559853
1.000000 -1.000000
0.632096 0.714096
1.000000 -1.000000
0.292464 0.928876
-1.000000 1.000000
0.122457 0.246573
-1.000000 1.000000
0.699801 0.903005
-1.000000 1.000000
0.052328 0.470546
-1.000000 1.000000
0.528310 0.003194
-1.000000 1.000000
0.690796 0.178560
-1.000000 1.000000
0.225350 0.488932
1.000000 -1.000000
0.658030 0.247795
1.000000 -1.000000
0.149165 0.495905
-1.000000 1.000000
0.168215 0.369084
-1.000000 1.000000
0.685623 0.053534
-1.000000 1.000000
0.697203 0.353681
1.000000 -1.000000
0.481403 0.548767
1.000000 -1.000000
0.365937 0.465212
1.000000 -1.000000
0.957822 0.556541
-1.000000 1.000000
0.699495 0.931823
-1.000000 1.000000
0.493091 0.207791
1.000000 -1.000000
0.156664 0.784568
-1.000000 1.000000
0.234670 0.788677
-1.000000 1.000000
0.713343 0.141713
-1.000000 1.000000
0.152608 0.811044
-1.000000 1.000000
0.075682 0.544640
-1.000000 1.000000
0.941398 0.408903
-1.000000 1.000000
0.295825 0.459301
1.000000 -1.000000
0.901818 0.362188
-1.000000 1.000000
0.719059 0.768757
-1.000000 1.000000
0.438632 0.945339
-1.000000 1.000000
0.686095 0.581750
1.000000 -1.000000
0.735299 0.840863
-1.000000 1.000000
0.283931 0.168530
-1.000000 1.000000
0.219660 0.807890
-1.000000 1.000000
0.306874 0.059509
-1.000000 1.000000
0.363360 0.484121
1.000000 -1.000000
0.058373 0.726416
-1.000000 1.000000
0.963876 0.583790
-1.000000 1.000000
0.101680 0.608165
-1.000000 1.000000
0.977258 0.493219
-1.000000 1.000000
0.885916 0.707890
-1.000000 1.000000
0.840518 0.787770
-1.000000 1.000000
0.851325 0.159903
-1.000000 1.000000
0.350736 0.921978
-1.000000 1.000000
0.902254 0.553337
-1.000000 1.000000
0.442195 0.014844
-1.000000 1.000000
0.908135 0.411701
-1.000000 1.000000
0.672235 0.285451
1.000000 -1.000000
0.728865 0.734862
-1.000000 1.000000
0.260172 0.824562
-1.000000 1.000000
0.875092 0.796586
-1.000000 1.000000
0.481668 0.795778
1.000000 -1.000000
0.525521 0.295736
1.000000 -1.000000
0.375621 0.042790
-1.000000 1.000000
0.400812 0.655939
1.000000 -1.000000
0.118300 0.279180
-1.000000 1.000000
0.598255 0.966181
-1.000000 1.000000
0.437501 0.169987
-1.000000 1.000000
0.478957 0.960187
-1.000000 1.000000
0.922357 0.756839
-1.000000 1.000000
0.861904 0.546970
-1.000000 1.000000
0.642639 0.325267
1.000000 -1.000000
0.620127 0.591948
1.000000 -1.000000
0.201548 0.663922
-1.000000 1.000000
0.654199 0.259276
1.000000 -1.000000
0.103967 0.533030
-1.000000 1.000000
0.104688 0.441603
-1.000000 1.000000
0.670908 0.145579
-1.000000 1.000000
0.655218 0.109479
-1.000000 1.000000
0.385295 0.821645
-1.000000 1.000000
0.319134 0.390314
1.000000 -1.000000
0.810999 0.467245
-1.000000 1.000000
0.688631 0.061324
-1.000000 1.000000
0.369164 0.411377
1.000000 -1.000000
0.485338 0.067308
-1.000000 1.000000
0.596142 0.241647
1.000000 -1.000000
0.675482 0.679781
1.000000 -1.000000
0.314393 0.518565
1.000000 -1.000000
0.337244 0.285078
1.000000 -1.000000
0.160986 0.237505
-1.000000 1.000000
0.812117 0.694589
-1.000000 1.000000
0.819393 0.650459
-1.000000 1.000000
0.738939 0.835867
-1.000000 1.000000
0.500943 0.834574
-1.000000 1.000000
0.305958 0.882174
-1.000000 1.000000
0.823179 0.815217
-1.000000 1.000000
0.369891 0.258909
1.000000 -1.000000
0.214904 0.796129
-1.000000 1.000000
0.443252 0.605310
1.000000 -1.000000
0.930992 0.577900
-1.000000 1.000000
0.864825 0.307216
-1.000000 1.000000
0.921587 0.359201
-1.000000 1.000000
0.381364 0.075916
-1.000000 1.000000
0.586839 0.032492
-1.000000 1.000000
0.298951 0.790188
-1.000000 1.000000
0.979337 0.624682
-1.000000 1.000000
0.893423 0.625272
-1.000000 1.000000
0.593117 0.669892
1.000000 -1.000000
0.514787 0.865179
-1.000000 1.000000
0.767413 0.093572
-1.000000 1.000000
0.214918 0.258606
-1.000000 1.000000
0.338802 0.770709
-1.000000 1.000000
0.865688 0.715753
-1.000000 1.000000
0.094869 0.671658
-1.000000 1.000000
0.347742 0.136690
-1.000000 1.000000
0.614571 0.855458
-1.000000 1.000000
0.673769 0.357272
1.000000 -1.000000
0.438672 0.706364
1.000000 -1.000000
0.480791 0.437613
1.000000 -1.000000
0.339953 0.696388
1.000000 -1.000000
0.261570 0.855289
-1.000000 1.000000
0.081883 0.227219
-1.000000 1.000000
0.525693 0.695816
1.000000 -1.000000
0.346342 0.671955
1.000000 -1.000000
0.257240 0.697516
-1.000000 1.000000
0.405035 0.988977
-1.000000 1.000000
0.652518 0.913097
-1.000000 1.000000
0.166809 0.426852
-1.000000 1.000000
0.550851 0.575775
1.000000 -1.000000
0.530934 0.079381
-1.000000 1.000000
0.224803 0.298112
-1.000000 1.000000
0.293278 0.156595
-1.000000 1.000000
0.133266 0.626108
-1.000000 1.000000
0.520302 0.652696
1.000000 -1.000000
0.062090 0.698981
-1.000000 1.000000
0.135416 0.706104
-1.000000 1.000000
0.483034 0.236973
1.000000 -1.000000
0.785503 0.200799
-1.000000 1.000000
0.297390 0.277170
-1.000000 1.000000
0.604226 0.176698
-1.000000 1.000000
0.157708 0.385279
-1.000000 1.000000
0.243310 0.428750
1.000000 -1.000000
0.109840 0.781675
-1.000000 1.000000
0.727302 0.516926
1.000000 -1.000000
0.349961 0.258831
1.000000 -1.000000
0.463322 0.771618
1.000000 -1.000000
0.822215 0.327307
-1.000000 1.000000
0.546933 0.760301
1.000000 -1.000000
0.463804 0.347449
1.000000 -1.000000
0.307083 0.564037
1.000000 -1.000000
0.603020 0.718637
1.000000 -1.000000
0.329150 0.660676
1.000000 -1.000000
0.785917 0.863282
-1.000000 1.000000
0.407234 0.052684
-1.000000 1.000000
0.493972 0.695311
1.000000 -1.000000
0.369323 0.147512
-1.000000 1.000000
0.134953 0.195141
-1.000000 1.000000
0.654173 0.862172
-1.000000 1.000000
0.781528 0.472709
1.000000 -1.000000
0.638871 0.519214
1.000000 -1.000000
0.794225 0.668209
-1.000000 1.000000
0.284456 0.756378
-1.000000 1.000000
0.555021 0.509082
1.000000 -1.000000
0.067326 0.397657
-1.000000 1.000000
0.761551 0.192628
-1.000000 1.000000
0.691751 0.898071
-1.000000 1.000000
0.985878 0.590432
-1.000000 1.000000
0.752980 0.630846
1.000000 -1.000000
0.276549 0.350509
1.000000 -1.000000
0.864353 0.757607
-1.000000 1.000000
0.052973 0.533972
-1.000000 1.000000
0.161128 0.489575
-1.000000 1.000000
0.352392 0.062545
-1.000000 1.000000
0.844639 0.258884
-1.000000 1.000000
0.902154 0.261090
-1.000000 1.000000
0.781684 0.741108
-1.000000 1.000000
0.689209 0.326548
1.000000 -1.000000
0.309597 0.376724
1.000000 -1.000000
0.768503 0.867064
-1.000000 1.000000
0.094582 0.453545
-1.000000 1.000000
0.571293 0.455670
1.000000 -1.000000
0.110782 0.752270
-1.000000 1.000000
0.928195 0.694217
-1.000000 1.000000
0.838549 0.302624
-1.000000 1.000000
0.527677 0.207570
1.000000 -1.000000
0.550374 0.018321
-1.000000 1.000000
0.183625 0.175090
-1.000000 1.000000
0.407946 0.589082
1.000000 -1.000000
0.363397 0.563910
1.000000 -1.000000
0.509626 0.807251
-1.000000 1.000000
0.719525 0.325660
1.000000 -1.000000
0.572248 0.890857
-1.000000 1.000000
0.161200 0.339834
-1.000000 1.000000
0.825551 0.615960
-1.000000 1.000000
0.188020 0.276959
-1.000000 1.000000
0.479363 0.268688
1.000000 -1.000000
0.082109 0.374171
-1.000000 1.000000
0.367183 0.590788
1.000000 -1.000000
0.492853 0.647239
1.000000 -1.000000
0.587875 0.507188
1.000000 -1.000000
0.539602 0.341788
1.000000 -1.000000
0.094826 0.393157
-1.000000 1.000000
0.474372 0.953718
-1.000000 1.000000
0.708228 0.208147
-1.000000 1.000000
0.852161 0.404086
-1.000000 1.000000
0.664052 0.704331
1.000000 -1.000000
0.676698 0.215947
-1.000000 1.000000
0.970035 0.440399
-1.000000 1.000000
0.953687 0.325844
-1.000000 1.000000
0.861071 0.644191
-1.000000 1.000000
0.918345 0.716106
-1.000000 1.000000
0.588729 0.337844
1.000000 -1.000000
0.976035 0.492253
-1.000000 1.000000
0.329331 0.860435
-1.000000 1.000000
0.108640 0.621795
-1.000000 1.000000
0.204210 0.549971
1.000000 -1.000000
0.263047 0.450745
1.000000 -1.000000
0.906406 0.473660
-1.000000 1.000000
0.360838 0.434109
1.000000 -1.000000
0.701594 0.829599
-1.000000 1.000000
0.445312 0.203844
-1.000000 1.000000
0.842642 0.248486
-1.000000 1.000000
0.247886 0.759434
-1.000000 1.000000
0.611902 0.688134
1.000000 -1.000000
0.639939 0.224081
-1.000000 1.000000
0.715481 0.496560
1.000000 -1.000000
0.374239 0.333358
1.000000 -1.000000
0.814709 0.243237
-1.000000 1.000000
0.567181 0.050671
-1.000000 1.000000
0.633722 0.043406
-1.000000 1.000000
0.600675 0.931097
-1.000000 1.000000
0.805885 0.348214
-1.000000 1.000000
0.624423 0.348916
1.000000 -1.000000
0.683169 0.900649
-1.000000 1.000000
0.654306 0.600050
1.000000 -1.000000
0.561380 0.066185
-1.000000 1.000000
0.435479 0.497088
1.000000 -1.000000
0.489990 0.799864
-1.000000 1.000000
0.560916 0.198642
-1.000000 1.000000
0.291242 0.572361
1.000000 -1.000000
0.302205 0.667654
1.000000 -1.000000
0.050078 0.566986
-1.000000 1.000000
0.457560 0.280257
1.000000 -1.000000
0.661458 0.210691
-1.000000 1.000000
0.151192 0.788092
-1.000000 1.000000
0.771349 0.314931
-1.000000 1.000000
0.859164 0.717183
-1.000000 1.000000
0.598269 0.153600
-1.000000 1.000000
0.692813 0.590316
1.000000 -1.000000
0.758989 0.485649
1.000000 -1.000000
0.810743 0.807536
-1.000000 1.000000
0.093127 0.323527
-1.000000 1.000000
0.424347 0.260360
1.000000 -1.000000
0.772269 0.110210
-1.000000 1.000000
0.254724 0.192676
-1.000000 1.000000
0.675428 0.120750
-1.000000 1.000000
0.615539 0.971998
-1.000000 1.000000
0.270061 0.402745
1.000000 -1.000000
0.574490 0.210685
1.000000 -1.000000
0.460911 0.840473
-1.000000 1.000000
0.374572 0.082740
-1.000000 1.000000
0.743032 0.288394
-1.000000 1.000000
0.909668 0.291942
-1.000000 1.000000
0.749346 0.403152
1.000000 -1.000000
0.132181 0.304581
-1.000000 1.000000
0.029846 0.505012
-1.000000 1.000000
0.330766 0.467918
1.000000 -1.000000
0.457379 0.049663
-1.000000 1.000000
0.610097 0.397315
1.000000 -1.000000
0.858685 0.478317
-1.000000 1.000000
0.864381 0.363880
-1.000000 1.000000
0.802852 0.312355
-1.000000 1.000000
0.579154 0.064869
-1.000000 1.000000
0.239270 0.694013
-1.000000 1.000000
0.859268 0.696110
-1.000000 1.000000
0.894011 0.326957
-1.000000 1.000000
0.417491 0.619087
1.000000 -1.000000
0.049266 0.653350
-1.000000 1.000000
0.635282 0.021751
-1.000000 1.000000
0.561685 0.885106
-1.000000 1.000000
0.717602 0.776262
-1.000000 1.000000
0.791743 0.180211
-1.000000 1.000000
0.605170 0.788614
-1.000000 1.000000
0.528865 0.950528
-1.000000 1.000000
0.072416 0.565997
-1.000000 1.000000
0.867429 0.523983
-1.000000 1.000000
0.277000 0.074129
-1.000000 1.000000
0.160507 0.162484
-1.000000 1.000000
0.812027 0.626940
-1.000000 1.000000
0.212135 0.315513
-1.000000 1.000000
0.360659 0.321044
1.000000 -1.000000
0.628534 0.812076
-1.000000 1.000000
0.497133 0.761381
1.000000 -1.000000
0.492785 0.324575
1.000000 -1.000000
0.127607 0.560104
-1.000000 1.000000
0.302445 0.561707
1.000000 -1.000000
0.754109 0.538260
1.000000 -1.000000
0.849111 0.649113
-1.000000 1.000000
0.727030 0.179362
-1.000000 1.000000
0.493557 0.147508
-1.000000 1.000000
0.329687 0.962144
-1.000000 1.000000
0.788963 0.209408
-1.000000 1.000000
0.073261 0.607826
-1.000000 1.000000
0.037108 0.324827
-1.000000 1.000000
0.349245 0.760205
-1.000000 1.000000
0.615238 0.943662
-1.000000 1.000000
0.195253 0.527847
-1.000000 1.000000
0.783016 0.290218
-1.000000 1.000000
0.701784 0.292646
1.000000 -1.000000
0.666894 0.519626
1.000000 -1.000000
0.204485 0.784471
-1.000000 1.000000
0.527115 0.807855
-1.000000 1.000000
0.244592 0.858865
-1.000000 1.000000
0.563604 0.175173
-1.000000 1.000000
0.036857 0.575264
-1.000000 1.000000
0.813326 0.749748
-1.000000 1.000000
0.753766 0.842585
-1.000000 1.000000
0.932550 0.633377
-1.000000 1.000000
0.255181 0.634385
1.000000 -1.000000
0.721166 0.470373
1.000000 -1.000000
0.258073 0.576624
1.000000 -1.000000
0.405265 0.633040
1.000000 -1.000000
0.781411 0.419464
1.000000 -1.000000
0.291279 0.183532
-1.000000 1.000000
0.061851 0.619396
-1.000000 1.000000
0.470205 0.252544
1.000000 -1.000000
0.129975 0.314316
-1.000000 1.000000
0.075921 0.270709
-1.000000 1.000000
0.725448 0.795872
-1.000000 1.000000
0.396564 0.329942
1.000000 -1.000000
0.709861 0.422109
1.000000 -1.000000
0.178289 0.398110
-1.000000 1.000000
0.228509 0.322096
-1.000000 1.000000
0.838944 0.726304
-1.000000 1.000000
0.498959 0.744006
1.000000 -1.000000
0.513117 0.200767
1.000000 -1.000000
0.453901 0.731136
1.000000 -1.000000
0.772525 0.204822
-1.000000 1.000000
0.858799 0.328852
-1.000000 1.000000
0.113159 0.514608
-1.000000 1.000000
0.075297 0.683747
-1.000000 1.000000
0.370201 0.536513
1.000000 -1.000000
0.313552 0.125457
-1.000000 1.000000
0.813284 0.242412
-1.000000 1.000000
0.944275 0.513248
-1.000000 1.000000
0.742967 0.091806
-1.000000 1.000000
0.811720 0.877892
-1.000000 1.000000
0.812236 0.540999
-1.000000 1.000000
0.157454 0.808043
-1.000000 1.000000
0.292973 0.766240
-1.000000 1.000000
0.646604 0.608019
1.000000 -1.000000
0.363827 0.698852
1.000000 -1.000000
0.317636 0.803114
-1.000000 1.000000
0.326143 0.212966
-1.000000 1.000000
0.114400 0.620819
-1.000000 1.000000
0.511136 0.836976
-1.000000 1.000000
0.975138 0.556583
-1.000000 1.000000
0.674500 0.614376
1.000000 -1.000000
0.208395 0.226881
-1.000000 1.000000
0.703948 0.403202
1.000000 -1.000000
0.730928 0.463265
1.000000 -1.000000
0.239956 0.283738
-1.000000 1.000000
0.531581 0.743920
1.000000 -1.000000
0.530111 0.853358
-1.000000 1.000000
0.351619 0.317045
1.000000 -1.000000
0.403155 0.661222
1.000000 -1.000000
0.514188 0.345589
1.000000 -1.000000
0.491002 0.350476
1.000000 -1.000000
0.460882 0.515594
1.000000 -1.000000
0.089289 0.459110
-1.000000 1.000000
0.586355 0.552534
1.000000 -1.000000
0.305762 0.294688
1.000000 -1.000000
0.495231 0.322133
1.000000 -1.000000
0.815088 0.302468
-1.000000 1.000000
0.983101 0.526555
-1.000000 1.000000
0.252709 0.622045
1.000000 -1.000000
0.281112 0.426988
1.000000 -1.000000
0.058260 0.304488
-1.000000 1.000000
0.569177 0.593663
1.000000 -1.000000
0.599139 0.576313
1.000000 -1.000000
0.590850 0.973872
-1.000000 1.000000
0.586075 0.740790
1.000000 -1.000000
0.093854 0.767038
-1.000000 1.000000
0.788963 0.681967
-1.000000 1.000000
0.512561 0.657886
1.000000 -1.000000
0.393437 0.255891
1.000000 -1.000000
0.797946 0.896069
-1.000000 1.000000
0.458305 0.409586
1.000000 -1.000000
0.172968 0.658068
-1.000000 1.000000
0.632860 0.437077
1.000000 -1.000000
0.317885 0.770726
-1.000000 1.000000
0.279222 0.368490
1.000000 -1.000000
0.261539 0.354640
1.000000 -1.000000
0.277538 0.063364
-1.000000 1.000000
0.823726 0.623612
-1.000000 1.000000
0.578070 0.191312
-1.000000 1.000000
0.335981 0.227716
-1.000000 1.000000
0.754275 0.570992
1.000000 -1.000000
0.580553 0.652003
1.000000 -1.000000
0.251018 0.542196
1.000000 -1.000000
0.552716 0.055433
-1.000000 1.000000
0.281973 0.420008
1.000000 -1.000000
0.764679 0.739263
-1.000000 1.000000
0.014003 0.485642
-1.000000 1.000000
0.293225 0.455027
1.000000 -1.000000
0.517149 0.830837
-1.000000 1.000000
0.664057 0.535994
1.000000 -1.000000
0.738022 0.639965
1.000000 -1.000000
0.510365 0.208615
1.000000 -1.000000
0.401199 0.300939
1.000000 -1.000000
0.634089 0.497736
1.000000 -1.000000
0.890729 0.405958
-1.000000 1.000000
0.245285 0.670146
-1.000000 1.000000
0.612367 0.306358
1.000000 -1.000000
0.287442 0.914664
-1.000000 1.000000
0.340276 0.918819
-1.000000 1.000000
0.378113 0.154732
-1.000000 1.000000
0.786201 0.417367
1.000000 -1.000000
0.876139 0.394774
-1.000000 1.000000
0.488174 0.252431
1.000000 -1.000000
0.419561 0.270770
1.000000 -1.000000
0.332122 0.299158
1.000000 -1.000000
0.803031 0.376792
-1.000000 1.000000
0.385619 0.585477
1.000000 -1.000000
0.176244 0.607294
-1.000000 1.000000
0.968518 0.674008
-1.000000 1.000000
0.794077 0.263492
-1.000000 1.000000
0.891815 0.320004
-1.000000 1.000000
0.289004 0.518113
1.000000 -1.000000
0.505279 0.920123
-1.000000 1.000000
0.166093 0.473618
-1.000000 1.000000
0.716489 0.840217
-1.000000 1.000000
0.794915 0.468619
1.000000 -1.000000
0.290334 0.179305
-1.000000 1.000000
0.773701 0.886675
-1.000000 1.000000
0.646557 0.330378
1.000000 -1.000000
0.462912 0.903638
-1.000000 1.000000
0.263714 0.237402
-1.000000 1.000000
0.652183 0.797400
-1.000000 1.000000
0.495311 0.980173
-1.000000 1.000000
0.669562 0.935506
-1.000000 1.000000
0.578488 0.339781
1.000000 -1.000000
0.765058 0.173778
-1.000000 1.000000
0.366861 0.326652
1.000000 -1.000000
0.291065 0.122320
-1.000000 1.000000
0.382993 0.791507
-1.000000 1.000000
0.364957 0.488285
1.000000 -1.000000
0.340519 0.262104
1.000000 -1.000000
0.130597 0.359038
-1.000000 1.000000
0.170581 0.277748
-1.000000 1.000000
0.501977 0.087426
-1.000000 1.000000
0.154289 0.175547
-1.000000 1.000000
0.412049 0.726621
1.000000 -1.000000
0.601450 0.963894
-1.000000 1.000000
0.570421 0.028274
-1.000000 1.000000
0.417108 0.900581
-1.000000 1.000000
0.774854 0.265764
-1.000000 1.000000
0.873812 0.552072
-1.000000 1.000000
0.268139 0.449823
1.000000 -1.000000
0.191441 0.787737
-1.000000 1.000000
0.208176 0.607978
-1.000000 1.000000
0.676916 0.737300
1.000000 -1.000000
0.760400 0.813288
-1.000000 1.000000
0.846574 0.343082
-1.000000 1.000000
0.516756 0.271644
1.000000 -1.000000
0.225804 0.578881
1.000000 -1.000000
0.107157 0.236952
-1.000000 1.000000
0.538904 0.311700
1.000000 -1.000000
0.204542 0.130731
-1.000000 1.000000
0.343579 0.439075
1.000000 -1.000000
0.645461 0.864598
-1.000000 1.000000
0.374533 0.772690
-1.000000 1.000000
0.729863 0.641963
1.000000 -1.000000
0.741793 0.679551
-1.000000 1.000000
0.281387 0.219542
-1.000000 1.000000
0.739546 0.497974
1.000000 -1.000000
0.817645 0.809621
-1.000000 1.000000
0.351962 0.738358
1.000000 -1.000000
0.101286 0.555821
-1.000000 1.000000
0.820274 0.747176
-1.000000 1.000000
0.692813 0.287792
1.000000 -1.000000
0.471805 0.757317
1.000000 -1.000000
0.720123 0.244598
-1.000000 1.000000
0.526275 0.577671
1.000000 -1.000000
0.721342 0.177534
-1.000000 1.000000
0.938410 0.408304
-1.000000 1.000000
0.153438 0.533244
-1.000000 1.000000
0.642709 0.419426
1.000000 -1.000000
0.468897 0.405040
1.000000 -1.000000
0.497761 0.976081
-1.000000 1.000000
0.274430 0.262884
-1.000000 1.000000
0.786789 0.639127
-1.000000 1.000000
0.961228 0.674966
-1.000000 1.000000
0.588061 0.039370
-1.000000 1.000000
0.852895 0.226825
-1.000000 1.000000
0.107546 0.208944
-1.000000 1.000000
0.322386 0.868620
-1.000000 1.000000
0.418005 0.491129
1.000000 -1.000000
0.297285 0.901139
-1.000000 1.000000
0.771557 0.199488
-1.000000 1.000000
0.332457 0.625981
1.000000 -1.000000
0.697969 0.618013
1.000000 -1.000000
0.276963 0.062805
-1.000000 1.000000
0.382050 0.420150
1.000000 -1.000000
0.893050 0.534205
-1.000000 1.000000
0.355390 0.161370
-1.000000 1.000000
0.383976 0.983327
-1.000000 1.000000
0.147275 0.447526
-1.000000 1.000000
0.221685 0.474767
1.000000 -1.000000
0.270668 0.607224
1.000000 -1.000000
0.858780 0.192022
-1.000000 1.000000
0.351553 0.630122
1.000000 -1.000000
0.639262 0.916205
-1.000000 1.000000
0.972018 0.502585
-1.000000 1.000000
0.725475 0.064899
-1.000000 1.000000
0.523530 0.713749
1.000000 -1.000000
0.062757 0.577819
-1.000000 1.000000
0.341863 0.535178
1.000000 -1.000000
0.562506 0.319885
1.000000 -1.000000
0.209200 0.479014
1.000000 -1.000000
0.107999 0.547976
-1.000000 1.000000
0.745378 0.479303
1.000000 -1.000000
0.329298 0.676990
1.000000 -1.000000
0.540835 0.321425
1.000000 -1.000000
0.532952 0.405736
1.000000 -1.000000
0.739985 0.894825
-1.000000 1.000000
0.273801 0.241471
-1.000000 1.000000
0.813611 0.335596
-1.000000 1.000000
0.780448 0.718332
-1.000000 1.000000
0.432615 0.868826
-1.000000 1.000000
0.035307 0.593156
-1.000000 1.000000
0.227214 0.337065
-1.000000 1.000000
0.797524 0.537507
1.000000 -1.000000
0.869133 0.453587
-1.000000 1.000000
0.158036 0.841709
-1.000000 1.000000
0.932307 0.489092
-1.000000 1.000000
0.314160 0.635403
1.000000 -1.000000
0.314513 0.878119
-1.000000 1.000000
0.313204 0.659230
1.000000 -1.000000
0.887042 0.243099
-1.000000 1.000000
0.367353 0.331525
1.000000 -1.000000
0.222262 0.361898
-1.000000 1.000000
0.257493 0.606257
1.000000 -1.000000
0.313974 0.212611
-1.000000 1.000000
0.448010 0.054007
-1.000000 1.000000
0.116348 0.454390
-1.000000 1.000000
0.781292 0.644686
-1.000000 1.000000
0.229058 0.293276
-1.000000 1.000000
0.380158 0.804337
-1.000000 1.000000
0.576657 0.345962
1.000000 -1.000000
0.443193 0.026669
-1.000000 1.000000
0.260332 0.226704
-1.000000 1.000000
0.612089 0.337079
1.000000 -1.000000
0.709025 0.107552
-1.000000 1.000000
0.303191 0.601353
1.000000 -1.000000
0.696608 0.555284
1.000000 -1.000000
0.536506 0.743079
1.000000 -1.000000
0.556536 0.352905
1.000000 -1.000000
0.146910 0.696187
-1.000000 1.000000
0.515214 0.604637
1.000000 -1.000000
0.432929 0.419072
1.000000 -1.000000
0.390101 0.856296
-1.000000 1.000000
0.071755 0.665593
-1.000000 1.000000
0.327629 0.859860
-1.000000 1.000000
0.831262 0.869468
-1.000000 1.000000
0.525334 0.139966
-1.000000 1.000000
0.631387 0.591364
1.000000 -1.000000
0.291087 0.452510
1.000000 -1.000000
0.189387 0.551229
-1.000000 1.000000
0.614593 0.184882
-1.000000 1.000000
0.545159 0.079466
-1.000000 1.000000
0.471480 0.563936
1.000000 -1.000000
0.113872 0.661126
-1.000000 1.000000
0.218981 0.312659
-1.000000 1.000000
0.479450 0.292152
1.000000 -1.000000
0.582410 0.152465
-1.000000 1.000000
0.068106 0.650155
-1.000000 1.000000
0.622264 0.301784
1.000000 -1.000000
0.584923 0.183853
-1.000000 1.000000
0.536398 0.308803
1.000000 -1.000000
0.376872 0.353128
1.000000 -1.000000
0.119075 0.672185
-1.000000 1.000000
0.611560 0.420411
1.000000 -1.000000
0.806124 0.804035
-1.000000 1.000000
0.482587 0.654444
1.000000 -1.000000
0.914825 0.523800
-1.000000 1.000000
0.253465 0.625564
1.000000 -1.000000
0.715747 0.686785
1.000000 -1.000000
0.986725 0.431721
-1.000000 1.000000
0.282099 0.916765
-1.000000 1.000000
0.065392 0.553505
-1.000000 1.000000
0.237824 0.861950
-1.000000 1.000000
0.447408 0.333709
1.000000 -1.000000
0.768013 0.435296
1.000000 -1.000000
0.786311 0.560211
1.000000 -1.000000
0.148950 0.543156
-1.000000 1.000000
0.464207 0.001301
-1.000000 1.000000
0.900502 0.398672
-1.000000 1.000000
0.358178 0.279201
1.000000 -1.000000
0.404271 0.490528
1.000000 -1.000000
0.699501 0.197376
-1.000000 1.000000
0.616125 0.391154
1.000000 -1.000000
0.662489 0.241782
-1.000000 1.000000
0.831759 0.258185
-1.000000 1.000000
0.267550 0.086253
-1.000000 1.000000
0.443618 0.786776
1.000000 -1.000000
0.333817 0.841152
-1.000000 1.000000
0.454593 0.249420
1.000000 -1.000000
0.030296 0.420548
-1.000000 1.000000
0.335208 0.925494
-1.000000 1.000000
0.305924 0.875879
-1.000000 1.000000
0.070213 0.323478
-1.000000 1.000000
0.937289 0.523166
-1.000000 1.000000
0.570692 0.980247
-1.000000 1.000000
0.177599 0.458180
-1.000000 1.000000
0.574489 0.129941
-1.000000 1.000000
0.545814 0.930675
-1.000000 1.000000
0.518116 0.100642
-1.000000 1.000000
0.224793 0.728502
-1.000000 1.000000
0.296584 0.832514
-1.000000 1.000000
0.230580 0.390257
1.000000 -1.000000
0.121466 0.402102
-1.000000 1.000000
0.461840 0.481934
1.000000 -1.000000
0.337962 0.790814
-1.000000 1.000000
0.779596 0.134197
-1.000000 1.000000
0.165475 0.575479
-1.000000 1.000000
0.671501 0.252519
-1.000000 1.000000
0.066100 0.304723
-1.000000 1.000000
0.613829 0.223195
1.000000 -1.000000
0.817006 0.364023
-1.000000 1.000000
0.497231 0.971675
-1.000000 1.000000
0.734337 0.230370
-1.000000 1.000000
0.959905 0.638657
-1.000000 1.000000
0.751205 0.874005
-1.000000 1.000000
0.487247 0.758121
1.000000 -1.000000
0.374510 0.032859
-1.000000 1.000000
0.656420 0.350350
1.000000 -1.000000
0.850869 0.336806
-1.000000 1.000000
0.707530 0.285839
1.000000 -1.000000
0.890033 0.648490
-1.000000 1.000000
0.250276 0.484776
1.000000 -1.000000
0.930810 0.731936
-1.000000 1.000000
0.460022 0.577342
1.000000 -1.000000
0.427823 0.471609
1.000000 -1.000000
0.261492 0.884154
-1.000000 1.000000
0.578256 0.715264
1.000000 -1.000000
0.508192 0.436424
1.000000 -1.000000
0.804776 0.434126
-1.000000 1.000000
0.660604 0.205298
-1.000000 1.000000
0.856638 0.234773
-1.000000 1.000000
0.038878 0.534758
-1.000000 1.000000
0.119886 0.740071
-1.000000 1.000000
0.341594 0.679010
1.000000 -1.000000
0.300529 0.667515
1.000000 -1.000000
0.238512 0.841597
-1.000000 1.000000
0.701463 0.068059
-1.000000 1.000000
0.699295 0.463089
1.000000 -1.000000
0.842035 0.234010
-1.000000 1.000000
0.851565 0.477465
-1.000000 1.000000
0.154259 0.349911
-1.000000 1.000000
0.682956 0.592148
1.000000 -1.000000
0.191900 0.270139
-1.000000 1.000000
0.455466 0.634057
1.000000 -1.000000
0.532070 0.338234
1.000000 -1.000000
0.210574 0.771136
-1.000000 1.000000
0.720603 0.126245
-1.000000 1.000000
0.599941 0.852775
-1.000000 1.000000
0.431759 0.956030
-1.000000 1.000000
0.714588 0.240940
-1.000000 1.000000
0.793045 0.709902
-1.000000 1.000000
0.150583 0.482100
-1.000000 1.000000
0.169353 0.447542
-1.000000 1.000000
0.350141 0.229399
-1.000000 1.000000
0.960187 0.425135
-1.000000 1.000000
0.817771 0.582167
-1.000000 1.000000
0.645413 0.306674
1.000000 -1.000000
0.822257 0.251311
-1.000000 1.000000
0.765737 0.488603
1.000000 -1.000000
0.738206 0.803121
-1.000000 1.000000
0.090668 0.543889
-1.000000 1.000000
0.250582 0.823919
-1.000000 1.000000
0.723448 0.320922
1.000000 -1.000000
0.767684 0.125550
-1.000000 1.000000
0.974955 0.488454
-1.000000 1.000000
0.603463 0.724108
1.000000 -1.000000
0.951476 0.507241
-1.000000 1.000000
0.490798 0.028161
-1.000000 1.000000
0.163977 0.346265
-1.000000 1.000000
0.215860 0.533957
1.000000 -1.000000
0.351800 0.552173
1.000000 -1.000000
0.579194 0.540235
1.000000 -1.000000
0.518218 0.743943
1.000000 -1.000000
0.373612 0.135921
-1.000000 1.000000
0.926223 0.610264
-1.000000 1.000000
0.245231 0.726946
-1.000000 1.000000
0.665256 0.390843
1.000000 -1.000000
0.909278 0.542011
-1.000000 1.000000
0.027323 0.553892
-1.000000 1.000000
0.534603 0.240634
1.000000 -1.000000
0.334697 0.057244
-1.000000 1.000000
0.445487 0.581199
1.000000 -1.000000
0.376289 0.518178
1.000000 -1.000000
0.385234 0.532894
1.000000 -1.000000
0.629045 0.146760
-1.000000 1.000000
0.099355 0.767644
-1.000000 1.000000
0.634358 0.505341
1.000000 -1.000000
0.866594 0.361176
-1.000000 1.000000
0.237889 0.638328
1.000000 -1.000000
0.237321 0.509383
1.000000 -1.000000
0.815577 0.304262
-1.000000 1.000000
0.494562 0.313686
1.000000 -1.000000
0.477790 0.429309
1.000000 -1.000000
0.278387 0.175867
-1.000000 1.000000
0.329185 0.759864
-1.000000 1.000000
0.960615 0.423615
-1.000000 1.000000
0.038433 0.457136
-1.000000 1.000000
0.432663 0.856595
-1.000000 1.000000
0.342920 0.206262
-1.000000 1.000000
0.458844 0.111910
-1.000000 1.000000
0.305664 0.802865
-1.000000 1.000000
0.264219 0.755502
-1.000000 1.000000
0.303243 0.708331
1.000000 -1.000000
0.055113 0.292825
-1.000000 1.000000
0.334224 0.383218
1.000000 -1.000000
0.435293 0.833154
-1.000000 1.000000
0.261573 0.078170
-1.000000 1.000000
0.488384 0.323133
1.000000 -1.000000
0.177124 0.480432
-1.000000 1.000000
0.641180 0.734129
1.000000 -1.000000
0.085339 0.632659
-1.000000 1.000000
0.440975 0.640834
1.000000 -1.000000
0.648570 0.049107
-1.000000 1.000000
0.474454 0.933399
-1.000000 1.000000
0.075760 0.736086
-1.000000 1.000000
0.814874 0.254552
-1.000000 1.000000
0.344105 0.882726
-1.000000 1.000000
0.136948 0.548940
-1.000000 1.000000
0.207093 0.410042
-1.000000 1.000000
0.682022 0.813208
-1.000000 1.000000
0.329934 0.667059
1.000000 -1.000000
0.759752 0.903503
-1.000000 1.000000
0.061967 0.410057
-1.000000 1.000000
0.464896 0.870971
-1.000000 1.000000
0.874446 0.302285
-1.000000 1.000000
0.807469 0.638191
-1.000000 1.000000
0.526012 0.867330
-1.000000 1.000000
0.529522 0.509260
1.000000 -1.000000
0.395286 0.439218
1.000000 -1.000000
0.256897 0.933949
-1.000000 1.000000
0.858407 0.376057
-1.000000 1.000000
0.874127 0.590393
-1.000000 1.000000
0.442507 0.203161
-1.000000 1.000000
0.869420 0.319564
-1.000000 1.000000
0.369668 0.854580
-1.000000 1.000000
0.625970 0.634937
1.000000 -1.000000
0.160238 0.572314
-1.000000 1.000000
0.533778 0.425699
1.000000 -1.000000
0.456204 0.316867
1.000000 -1.000000
0.487985 0.227854
1.000000 -1.000000
0.805557 0.642271
-1.000000 1.000000
0.171157 0.642490
-1.000000 1.000000
0.027094 0.471953
-1.000000 1.000000
0.636300 0.366650
1.000000 -1.000000
0.518584 0.583002
1.000000 -1.000000
0.391426 0.943546
-1.000000 1.000000
0.390925 0.860405
-1.000000 1.000000
0.362658 0.411535
1.000000 -1.000000
0.869217 0.710967
-1.000000 1.000000
0.442631 0.554604
1.000000 -1.000000
0.170208 0.641436
-1.000000 1.000000
0.593605 0.542697
1.000000 -1.000000
0.345201 0.339554
1.000000 -1.000000
0.575739 0.765732
1.000000 -1.000000
0.848212 0.665629
-1.000000 1.000000
0.579873 0.487637
1.000000 -1.000000
0.199206 0.746060
-1.000000 1.000000
0.307484 0.953197
-1.000000 1.000000
0.276630 0.397010
1.000000 -1.000000
0.497199 0.962419
-1.000000 1.000000
0.533502 0.582130
1.000000 -1.000000
0.111491 0.484994
-1.000000 1.000000
0.735976 0.293807
-1.000000 1.000000
0.196411 0.441601
-1.000000 1.000000
0.683849 0.298317
1.000000 -1.000000
0.265950 0.334710
1.000000 -1.000000
0.454077 0.353451
1.000000 -1.000000
0.561471 0.030661
-1.000000 1.000000
0.418168 0.545397
1.000000 -1.000000
0.890048 0.529135
-1.000000 1.000000
0.465010 0.944225
-1.000000 1.000000
0.322465 0.875148
-1.000000 1.000000
0.097087 0.492616
-1.000000 1.000000
0.207936 0.197313
-1.000000 1.000000
0.209202 0.539257
1.000000 -1.000000
0.825719 0.466910
-1.000000 1.000000
0.368341 0.529272
1.000000 -1.000000
0.663685 0.663488
1.000000 -1.000000
0.112365 0.232292
-1.000000 1.000000
0.297693 0.094006
-1.000000 1.000000
0.270135 0.312657
1.000000 -1.000000
0.407082 0.817923
-1.000000 1.000000
0.398649 0.425152
1.000000 -1.000000
0.823271 0.641125
-1.000000 1.000000
0.674842 0.581842
1.000000 -1.000000
0.646972 0.618490
1.000000 -1.000000
0.253296 0.111872
-1.000000 1.000000
0.781938 0.909642
-1.000000 1.000000
0.094119 0.414797
-1.000000 1.000000
0.362020 0.218139
-1.000000 1.000000
0.507064 0.179963
-1.000000 1.000000
0.646618 0.658566
1.000000 -1.000000
0.654748 0.609674
1.000000 -1.000000
0.389998 0.244806
1.000000 -1.000000
0.715478 0.783108
-1.000000 1.000000
0.871696 0.651228
-1.000000 1.000000
0.492213 0.628694
1.000000 -1.000000
0.284929 0.910138
-1.000000 1.000000
0.633474 0.824917
-1.000000 1.000000
0.538154 0.745505
1.000000 -1.000000
0.227611 0.356239
-1.000000 1.000000
0.465339 0.750634
1.000000 -1.000000
0.473531 0.913343
-1.000000 1.000000
0.658163 0.187437
-1.000000 1.000000
0.034318 0.371599
-1.000000 1.000000
0.891210 0.525804
-1.000000 1.000000
0.816771 0.606089
-1.000000 1.000000
0.058739 0.484880
-1.000000 1.000000
0.310959 0.525431
1.000000 -1.000000
0.604393 0.718382
1.000000 -1.000000
0.994922 0.477397
-1.000000 1.000000
0.769861 0.506228
1.000000 -1.000000
0.103630 0.629127
-1.000000 1.000000
0.707094 0.428400
1.000000 -1.000000
0.534815 0.735732
1.000000 -1.000000
0.507300 0.749429
1.000000 -1.000000
0.462961 0.482765
1.000000 -1.000000
0.236892 0.627305
1.000000 -1.000000
0.604785 0.799065
-1.000000 1.000000
0.614104 0.739831
1.000000 -1.000000
0.653613 0.752100
1.000000 -1.000000
0.825996 0.386539
-1.000000 1.000000
0.730635 0.792397
-1.000000 1.000000
0.363177 0.194169
-1.000000 1.000000
0.597485 0.617422
1.000000 -1.000000
0.284482 0.425549
1.000000 -1.000000
0.762277 0.518875
1.000000 -1.000000
0.523177 0.066999
-1.000000 1.000000
0.322258 0.118945
-1.000000 1.000000
0.113466 0.337935
-1.000000 1.000000
0.205661 0.720806
-1.000000 1.000000
0.417497 0.870957
-1.000000 1.000000
0.083149 0.581399
-1.000000 1.000000
0.220687 0.910568
-1.000000 1.000000
0.455752 0.300609
1.000000 -1.000000
0.481266 0.409417
1.000000 -1.000000
0.830572 0.147828
-1.000000 1.000000
0.071642 0.339655
-1.000000 1.000000
0.491155 0.526586
1.000000 -1.000000
0.681751 0.754641
-1.000000 1.000000
0.196793 0.303006
-1.000000 1.000000
0.500046 0.936301
-1.000000 1.000000
0.087965 0.332184
-1.000000 1.000000
0.840825 0.667125
-1.000000 1.000000
0.454100 0.146374
-1.000000 1.000000
0.279337 0.251835
-1.000000 1.000000
0.676547 0.445164
1.000000 -1.000000
0.870617 0.398023
-1.000000 1.000000
0.622325 0.298316
1.000000 -1.000000
0.333028 0.675110
1.000000 -1.000000
0.703802 0.735104
-1.000000 1.000000
0.447860 0.729672
1.000000 -1.000000
0.236819 0.848583
-1.000000 1.000000
0.490444 0.579628
1.000000 -1.000000
0.153910 0.709363
-1.000000 1.000000
0.411184 0.683458
1.000000 -1.000000
0.698121 0.229329
-1.000000 1.000000
0.651858 0.922300
-1.000000 1.000000
0.297324 0.491701
1.000000 -1.000000
0.019931 0.381787
-1.000000 1.000000
0.351059 0.050168
-1.000000 1.000000
0.249912 0.615186
1.000000 -1.000000
0.899861 0.750437
-1.000000 1.000000
0.500593 0.046180
-1.000000 1.000000
0.250567 0.766050
-1.000000 1.000000
0.588363 0.422200
1.000000 -1.000000
0.582782 0.619171
1.000000 -1.000000
0.430658 0.872230
-1.000000 1.000000
0.655122 0.833958
-1.000000 1.000000
0.471791 0.644001
1.000000 -1.000000
0.315358 0.121180
-1.000000 1.000000
0.508404 0.549788
1.000000 -1.000000
0.428345 0.128232
-1.000000 1.000000
0.671262 0.115298
-1.000000 1.000000
0.371557 0.423408
1.000000 -1.000000
0.672673 0.448365
1.000000 -1.000000
0.092343 0.706224
-1.000000 1.000000
0.061272 0.419094
-1.000000 1.000000
0.633843 0.331552
1.000000 -1.000000
0.729982 0.704924
-1.000000 1.000000
0.745473 0.365096
1.000000 -1.000000
0.473285 0.415992
1.000000 -1.000000
0.649565 0.604291
1.000000 -1.000000
0.855798 0.186653
-1.000000 1.000000
0.509376 0.765508
1.000000 -1.000000
0.157962 0.233747
-1.000000 1.000000
0.028257 0.663919
-1.000000 1.000000
0.170285 0.485725
-1.000000 1.000000
0.937373 0.718290
-1.000000 1.000000
0.850089 0.521689
-1.000000 1.000000
0.561462 0.039077
-1.000000 1.000000
0.219434 0.853573
-1.000000 1.000000
0.975592 0.641287
-1.000000 1.000000
0.612218 0.294403
1.000000 -1.000000
0.168474 0.827423
-1.000000 1.000000
0.129031 0.589913
-1.000000 1.000000
0.351760 0.875010
-1.000000 1.000000
0.580214 0.492827
1.000000 -1.000000
0.613473 0.272438
1.000000 -1.000000
0.605614 0.817007
-1.000000 1.000000
0.472113 0.648173
1.000000 -1.000000
0.890398 0.590458
-1.000000 1.000000
0.294088 0.238061
-1.000000 1.000000
0.353626 0.220191
-1.000000 1.000000
0.551740 0.204960
1.000000 -1.000000
0.545052 0.605930
1.000000 -1.000000
0.573512 0.061475
-1.000000 1.000000
0.256442 0.723595
-1.000000 1.000000
0.421298 0.987417
-1.000000 1.000000
0.844463 0.583318
-1.000000 1.000000
0.729894 0.838896
-1.000000 1.000000
0.739309 0.658101
1.000000 -1.000000
0.816058 0.853051
-1.000000 1.000000
0.199922 0.170380
-1.000000 1.000000
0.563983 0.676567
1.000000 -1.000000
0.555034 0.697822
1.000000 -1.000000
0.469470 0.823305
-1.000000 1.000000
0.641299 0.283484
1.000000 -1.000000
0.631052 0.463215
1.000000 -1.000000
0.616345 0.660852
1.000000 -1.000000
0.173520 0.447306
-1.000000 1.000000
0.259501 0.475465
1.000000 -1.000000
0.484139 0.136995
-1.000000 1.000000
0.460541 0.603425
1.000000 -1.000000
0.299823 0.437784
1.000000 -1.000000
0.617716 0.870110
-1.000000 1.000000
0.624273 0.282677
1.000000 -1.000000
0.966318 0.331997
-1.000000 1.000000
0.601795 0.511933
1.000000 -1.000000
0.117626 0.286466
-1.000000 1.000000
0.697530 0.477913
1.000000 -1.000000
0.119577 0.290095
-1.000000 1.000000
0.809707 0.381701
-1.000000 1.000000
0.210312 0.762225
-1.000000 1.000000
0.612257 0.903962
-1.000000 1.000000
0.421563 0.309684
1.000000 -1.000000
0.437534 0.032366
-1.000000 1.000000
0.191659 0.118743
-1.000000 1.000000
0.214253 0.553195
1.000000 -1.000000
0.099019 0.531136
-1.000000 1.000000
0.903850 0.555147
-1.000000 1.000000
0.798375 0.884156
-1.000000 1.000000
0.728556 0.337359
1.000000 -1.000000
0.224480 0.576616
1.000000 -1.000000
0.087492 0.432283
-1.000000 1.000000
0.469246 0.028446
-1.000000 1.000000
0.488654 0.424269
1.000000 -1.000000
0.467421 0.192700
-1.000000 1.000000
0.794547 0.156858
-1.000000 1.000000
0.162840 0.406425
-1.000000 1.000000
0.217285 0.883747
-1.000000 1.000000
0.936947 0.379132
-1.000000 1.000000
0.617935 0.699542
1.000000 -1.000000
0.860017 0.767160
-1.000000 1.000000
0.834359 0.238373
-1.000000 1.000000
0.335181 0.754069
-1.000000 1.000000
0.692654 0.282936
1.000000 -1.000000
0.592212 0.147991
-1.000000 1.000000
0.487123 0.923263
-1.000000 1.000000
0.624116 0.248718
1.000000 -1.000000
0.135495 0.734426
-1.000000 1.000000
0.622740 0.554794
1.000000 -1.000000
0.770027 0.388410
1.000000 -1.000000
0.586573 0.533652
1.000000 -1.000000
0.507383 0.468925
1.000000 -1.000000
0.540818 0.112869
-1.000000 1.000000
0.866979 0.634647
-1.000000 1.000000
0.307574 0.201629
-1.000000 1.000000
0.785747 0.128313
-1.000000 1.000000
0.558782 0.906219
-1.000000 1.000000
0.694339 0.918033
-1.000000 1.000000
0.217972 0.372063
-1.000000 1.000000
0.537055 0.341717
1.000000 -1.000000
0.460247 0.604176
1.000000 -1.000000
0.707029 0.397718
1.000000 -1.000000
0.770589 0.202835
-1.000000 1.000000
0.308152 0.829237
-1.000000 1.000000
0.339817 0.571427
1.000000 -1.000000
0.244383 0.292172
-1.000000 1.000000
0.410482 0.458802
1.000000 -1.000000
0.372921 0.254693
1.000000 -1.000000
0.347464 0.210942
-1.000000 1.000000
0.697479 0.541900
1.000000 -1.000000
0.710260 0.799043
-1.000000 1.000000
0.522549 0.731603
1.000000 -1.000000
0.046763 0.519811
-1.000000 1.000000
0.359541 0.391280
1.000000 -1.000000
0.506291 0.660401
1.000000 -1.000000
0.923908 0.537879
-1.000000 1.000000
0.196579 0.573126
-1.000000 1.000000
0.374770 0.200725
-1.000000 1.000000
0.218820 0.155959
-1.000000 1.000000
0.183110 0.131666
-1.000000 1.000000
0.554582 0.613188
1.000000 -1.000000
0.187966 0.739548
-1.000000 1.000000
0.564895 0.123378
-1.000000 1.000000
0.583378 0.786929
1.000000 -1.000000
0.174105 0.743416
-1.000000 1.000000
0.282476 0.241096
-1.000000 1.000000
0.819076 0.395018
-1.000000 1.000000
0.682727 0.949235
-1.000000 1.000000
0.672150 0.780977
-1.000000 1.000000
0.500143 0.532343
1.000000 -1.000000
0.626233 0.602347
1.000000 -1.000000
0.799755 0.388957
-1.000000 1.000000
0.413891 0.435681
1.000000 -1.000000
0.360948 0.853244
-1.000000 1.000000
0.790204 0.846360
-1.000000 1.000000
0.272427 0.753157
-1.000000 1.000000
0.305075 0.522771
1.000000 -1.000000
0.628181 0.712474
1.000000 -1.000000
0.687465 0.904274
-1.000000 1.000000
0.794378 0.170670
-1.000000 1.000000
0.601145 0.095130
-1.000000 1.000000
0.811026 0.562455
-1.000000 1.000000
0.737452 0.385815
1.000000 -1.000000
0.346452 0.489161
1.000000 -1.000000
0.307413 0.457965
1.000000 -1.000000
0.699887 0.738255
-1.000000 1.000000
0.638694 0.060849
-1.000000 1.000000
0.691828 0.637452
1.000000 -1.000000
0.631452 0.713547
1.000000 -1.000000
0.129061 0.170007
-1.000000 1.000000
0.706454 0.126818
-1.000000 1.000000
0.214764 0.703357
-1.000000 1.000000
0.697595 0.309754
1.000000 -1.000000
0.588959 0.907702
-1.000000 1.000000
0.305284 0.774423
-1.000000 1.000000
0.573387 0.390386
1.000000 -1.000000
0.297022 0.393109
1.000000 -1.000000
0.195231 0.377861
-1.000000 1.000000
0.333243 0.970428
-1.000000 1.000000
0.094269 0.498054
-1.000000 1.000000
0.576654 0.085052
-1.000000 1.000000
0.613475 0.255056
1.000000 -1.000000
0.625424 0.111325
-1.000000 1.000000
0.279703 0.854072
-1.000000 1.000000
0.588594 0.012741
-1.000000 1.000000
0.743193 0.889845
-1.000000 1.000000
0.525671 0.075349
-1.000000 1.000000
0.417514 0.905006
-1.000000 1.000000
0.095050 0.614697
-1.000000 1.000000
0.443564 0.155437
-1.000000 1.000000
0.953808 0.480815
-1.000000 1.000000
0.180134 0.264844
-1.000000 1.000000
0.370544 0.360043
1.000000 -1.000000
0.179776 0.182171
-1.000000 1.000000
0.286801 0.358607
1.000000 -1.000000
0.106787 0.309041
-1.000000 1.000000
0.624221 0.103938
-1.000000 1.000000
0.668129 0.956077
-1.000000 1.000000
0.278600 0.559567
1.000000 -1.000000
0.798330 0.128326
-1.000000 1.000000
0.452432 0.064421
-1.000000 1.000000
0.805877 0.528072
-1.000000 1.000000
0.028203 0.393341
-1.000000 1.000000
0.597398 0.710009
1.000000 -1.000000
0.583505 0.939602
-1.000000 1.000000
0.260587 0.854423
-1.000000 1.000000
0.768508 0.651280
-1.000000 1.000000
0.490117 0.449148
1.000000 -1.000000
0.275160 0.477284
1.000000 -1.000000
0.332723 0.422916
1.000000 -1.000000
0.968783 0.416846
-1.000000 1.000000
0.699713 0.445235
1.000000 -1.000000
0.544837 0.850137
-1.000000 1.000000
0.260914 0.407742
1.000000 -1.000000
0.302247 0.709738
1.000000 -1.000000
0.783509 0.266731
-1.000000 1.000000
0.305257 0.356338
1.000000 -1.000000
0.320861 0.550078
1.000000 -1.000000
0.740923 0.705007
-1.000000 1.000000
0.554100 0.614414
1.000000 -1.000000
0.194414 0.318458
-1.000000 1.000000
0.897527 0.678632
-1.000000 1.000000
0.280861 0.874047
-1.000000 1.000000
0.861218 0.823628
-1.000000 1.000000
0.717052 0.835597
-1.000000 1.000000
0.587662 0.832688
-1.000000 1.000000
0.804165 0.687630
-1.000000 1.000000
0.108682 0.247849
-1.000000 1.000000
0.507777 0.881784
-1.000000 1.000000
0.784712 0.134622
-1.000000 1.000000
0.568964 0.713673
1.000000 -1.000000
0.655920 0.940495
-1.000000 1.000000
0.780349 0.092496
-1.000000 1.000000
0.374204 0.922135
-1.000000 1.000000
0.161583 0.699920
-1.000000 1.000000
0.848052 0.653242
-1.000000 1.000000
0.659348 0.258213
1.000000 -1.000000
0.661596 0.163338
-1.000000 1.000000
0.737976 0.858082
-1.000000 1.000000
0.126532 0.595409
-1.000000 1.000000
0.956844 0.598415
-1.000000 1.000000
0.413013 0.128082
-1.000000 1.000000
0.367582 0.587108
1.000000 -1.000000
0.614288 0.289256
1.000000 -1.000000
0.370003 0.524453
1.000000 -1.000000
0.230287 0.173397
-1.000000 1.000000
0.385039 0.593870
1.000000 -1.000000
0.186869 0.807474
-1.000000 1.000000
0.381622 0.084804
-1.000000 1.000000
0.776570 0.287930
-1.000000 1.000000
0.413814 0.684643
1.000000 -1.000000
0.593596 0.456969
1.000000 -1.000000
0.391269 0.731914
1.000000 -1.000000
0.517802 0.293337
1.000000 -1.000000
0.594277 0.772563
1.000000 -1.000000
0.282074 0.929873
-1.000000 1.000000
0.348895 0.220513
-1.000000 1.000000
0.215405 0.161417
-1.000000 1.000000
0.505533 0.996812
-1.000000 1.000000
0.632554 0.147064
-1.000000 1.000000
0.375434 0.021075
-1.000000 1.000000
0.488007 0.075350
-1.000000 1.000000
0.784327 0.264278
-1.000000 1.000000
0.579627 0.465717
1.000000 -1.000000
0.579037 0.892746
-1.000000 1.000000
0.133534 0.181400
-1.000000 1.000000
0.447425 0.333297
1.000000 -1.000000
0.557702 0.151239
-1.000000 1.000000
0.581822 0.774349
1.000000 -1.000000
0.564503 0.635811
1.000000 -1.000000
0.460066 0.375027
1.000000 -1.000000
0.933473 0.484396
-1.000000 1.000000
0.605644 0.829587
-1.000000 1.000000
0.486471 0.448930
1.000000 -1.000000
0.137797 0.620022
-1.000000 1.000000
0.547203 0.829245
-1.000000 1.000000
0.806470 0.646330
-1.000000 1.000000
0.304511 0.366924
1.000000 -1.000000
0.151020 0.155418
-1.000000 1.000000
0.639335 0.185425
-1.000000 1.000000
0.719370 0.319615
1.000000 -1.000000
0.642115 0.849596
-1.000000 1.000000
0.532502 0.804970
-1.000000 1.000000
0.446493 0.750489
1.000000 -1.000000
0.307894 0.824368
-1.000000 1.000000
0.677594 0.429238
1.000000 -1.000000
0.250654 0.511335
1.000000 -1.000000
0.782406 0.329353
-1.000000 1.000000
0.591440 0.768268
1.000000 -1.000000
0.431058 0.083787
-1.000000 1.000000
0.258326 0.514138
1.000000 -1.000000
0.162515 0.736925
-1.000000 1.000000
0.268379 0.176062
-1.000000 1.000000
0.542667 0.625283
1.000000 -1.000000
0.328144 0.838979
-1.000000 1.000000
0.246477 0.839577
-1.000000 1.000000
0.253985 0.764279
-1.000000 1.000000
0.280014 0.255027
-1.000000 1.000000
0.398613 0.325638
1.000000 -1.000000
0.599858 0.346477
1.000000 -1.000000
0.894870 0.576661
-1.000000 1.000000
0.149102 0.586736
-1.000000 1.000000
0.480489 0.452401
1.000000 -1.000000
0.781544 0.530597
1.000000 -1.000000
0.577292 0.141682
-1.000000 1.000000
0.779626 0.747693
-1.000000 1.000000
0.471940 0.650478
1.000000 -1.000000
0.047199 0.560020
-1.000000 1.000000
0.526444 0.248724
1.000000 -1.000000
0.242801 0.255846
-1.000000 1.000000
0.873062 0.379886
-1.000000 1.000000
0.029473 0.429036
-1.000000 1.000000
0.166242 0.814469
-1.000000 1.000000
0.616262 0.598167
1.000000 -1.000000
0.631323 0.383875
1.000000 -1.000000
0.564141 0.549075
1.000000 -1.000000
0.016535 0.421582
-1.000000 1.000000
0.253416 0.844197
-1.000000 1.000000
0.516504 0.411331
1.000000 -1.000000
0.661605 0.419015
1.000000 -1.000000
0.495938 0.844766
-1.000000 1.000000
0.338291 0.611569
1.000000 -1.000000
0.542839 0.200155
-1.000000 1.000000
0.655999 0.085720
-1.000000 1.000000
0.255345 0.282034
-1.000000 1.000000
0.538180 0.171478
-1.000000 1.000000
0.517784 0.859037
-1.000000 1.000000
0.126315 0.756132
-1.000000 1.000000
0.190436 0.273484
-1.000000 1.000000
0.439842 0.568720
1.000000 -1.000000
0.375688 0.950127
-1.000000 1.000000
0.232476 0.782429
-1.000000 1.000000
0.625999 0.910059
-1.000000 1.000000
0.450388 0.471869
1.000000 -1.000000
0.518258 0.151504
-1.000000 1.000000
0.818429 0.498450
-1.000000 1.000000
0.655965 0.315000
1.000000 -1.000000
0.969858 0.493434
-1.000000 1.000000
0.232383 0.394644
1.000000 -1.000000
0.462556 0.698741
1.000000 -1.000000
0.109008 0.543104
-1.000000 1.000000
0.825680 0.134191
-1.000000 1.000000
0.675154 0.682212
1.000000 -1.000000
0.496702 0.972397
-1.000000 1.000000
0.645885 0.926681
-1.000000 1.000000
0.378329 0.222673
-1.000000 1.000000
0.902144 0.466713
-1.000000 1.000000
0.436580 0.938036
-1.000000 1.000000
0.411061 0.946435
-1.000000 1.000000
0.737767 0.646999
1.000000 -1.000000
0.163698 0.563455
-1.000000 1.000000
0.284161 0.545730
1.000000 -1.000000
0.366333 0.475745
1.000000 -1.000000
0.612614 0.915686
-1.000000 1.000000
0.517284 0.343448
1.000000 -1.000000
0.079743 0.407454
-1.000000 1.000000
0.650746 0.383561
1.000000 -1.000000
0.442506 0.041775
-1.000000 1.000000
0.740752 0.337475
1.000000 -1.000000
0.912807 0.264731
-1.000000 1.000000
0.141012 0.341978
-1.000000 1.000000
0.539416 0.412830
1.000000 -1.000000
0.986196 0.541099
-1.000000 1.000000
0.827444 0.498931
-1.000000 1.000000
0.217820 0.496467
1.000000 -1.000000
0.454063 0.849696
-1.000000 1.000000
0.383437 0.920787
-1.000000 1.000000
0.763670 0.686086
-1.000000 1.000000
0.406739 0.030384
-1.000000 1.000000
0.609635 0.355056
1.000000 -1.000000
0.768565 0.463488
1.000000 -1.000000
0.362303 0.231542
-1.000000 1.000000
0.219889 0.245757
-1.000000 1.000000
0.174401 0.353983
-1.000000 1.000000
0.774358 0.246600
-1.000000 1.000000
0.338418 0.926889
-1.000000 1.000000
0.762725 0.634933
1.000000 -1.000000
0.059713 0.400751
-1.000000 1.000000
0.319561 0.400401
1.000000 -1.000000
0.482530 0.464173
1.000000 -1.000000
0.875110 0.325503
-1.000000 1.000000
0.639611 0.875220
-1.000000 1.000000
0.448470 0.751213
1.000000 -1.000000
0.201493 0.221527
-1.000000 1.000000
0.430902 0.640609
1.000000 -1.000000
0.313929 0.506784
1.000000 -1.000000
0.373224 0.043732
-1.000000 1.000000
0.495672 0.241042
1.000000 -1.000000
0.954995 0.340267
-1.000000 1.000000
0.168667 0.704339
-1.000000 1.000000
0.451681 0.832570
-1.000000 1.000000
0.321958 0.217963
-1.000000 1.000000
0.380925 0.449770
1.000000 -1.000000
0.801801 0.589396
-1.000000 1.000000
0.499897 0.943279
-1.000000 1.000000
0.510387 0.394713
1.000000 -1.000000
0.524926 0.233878
1.000000 -1.000000
0.478003 0.888362
-1.000000 1.000000
0.435120 0.567214
1.000000 -1.000000
0.562016 0.365124
1.000000 -1.000000
0.906369 0.374142
-1.000000 1.000000
0.843485 0.360672
-1.000000 1.000000
0.159701 0.823344
-1.000000 1.000000
0.103569 0.398683
-1.000000 1.000000
0.448928 0.272340
1.000000 -1.000000
0.615562 0.130793
-1.000000 1.000000
0.270839 0.455458
1.000000 -1.000000
0.655378 0.481468
1.000000 -1.000000
0.884787 0.692298
-1.000000 1.000000
0.511708 0.510008
1.000000 -1.000000
0.175260 0.757485
-1.000000 1.000000
0.227728 0.864755
-1.000000 1.000000
0.197859 0.547476
-1.000000 1.000000
0.169639 0.617520
-1.000000 1.000000
0.605564 0.624414
1.000000 -1.000000
0.210949 0.614687
-1.000000 1.000000
0.498772 0.640483
1.000000 -1.000000
0.061532 0.289233
-1.000000 1.000000
0.749651 0.341544
1.000000 -1.000000
0.211693 0.839218
-1.000000 1.000000
0.023286 0.421868
-1.000000 1.000000
0.575761 0.620225
1.000000 -1.000000
0.914812 0.456515
-1.000000 1.000000
0.363545 0.844780
-1.000000 1.000000
0.370932 0.727406
1.000000 -1.000000
0.924254 0.523287
-1.000000 1.000000
0.303995 0.516325
1.000000 -1.000000
0.340094 0.661106
1.000000 -1.000000
0.631848 0.280053
1.000000 -1.000000
0.436990 0.344015
1.000000 -1.000000
0.437776 0.008974
-1.000000 1.000000
0.653217 0.813030
-1.000000 1.000000
0.771716 0.169669
-1.000000 1.000000
0.576743 0.125516
-1.000000 1.000000
0.747649 0.163434
-1.000000 1.000000
0.464651 0.181740
-1.000000 1.000000
0.872481 0.425709
-1.000000 1.000000
0.520975 0.963572
-1.000000 1.000000
0.967472 0.469638
-1.000000 1.000000
0.874659 0.459460
-1.000000 1.000000
0.086768 0.339869
-1.000000 1.000000
0.545808 0.097446
-1.000000 1.000000
0.077113 0.504657
-1.000000 1.000000
0.202745 0.339311
-1.000000 1.000000
0.618180 0.856757
-1.000000 1.000000
0.811190 0.770053
-1.000000 1.000000
0.723039 0.630575
1.000000 -1.000000
0.834412 0.698366
-1.000000 1.000000
0.399526 0.403389
1.000000 -1.000000
0.644513 0.083018
-1.000000 1.000000
0.074415 0.724099
-1.000000 1.000000
0.080301 0.281919
-1.000000 1.000000
0.761720 0.921561
-1.000000 1.000000
0.347492 0.643326
1.000000 -1.000000
0.905285 0.301281
-1.000000 1.000000
0.855792 0.816114
-1.000000 1.000000
0.261370 0.645217
1.000000 -1.000000
0.637814 0.875325
-1.000000 1.000000
0.635268 0.883097
-1.000000 1.000000
0.586959 0.972959
-1.000000 1.000000
0.683592 0.792487
-1.000000 1.000000
0.351257 0.611841
1.000000 -1.000000
0.889007 0.587141
-1.000000 1.000000
0.393885 0.854525
-1.000000 1.000000
0.699533 0.068756
-1.000000 1.000000
0.051383 0.595626
-1.000000 1.000000
0.412826 0.539255
1.000000 -1.000000
0.773248 0.189361
-1.000000 1.000000
0.541255 0.645873
1.000000 -1.000000
0.624149 0.374548
1.000000 -1.000000
0.461946 0.008043
-1.000000 1.000000
0.735373 0.662040
1.000000 -1.000000
0.562365 0.007298
-1.000000 1.000000
0.534547 0.225058
1.000000 -1.000000
0.423743 0.338823
1.000000 -1.000000
0.507275 0.592071
1.000000 -1.000000
0.434800 0.223785
1.000000 -1.000000
0.967340 0.597449
-1.000000 1.000000
0.888253 0.790384
-1.000000 1.000000
0.554803 0.629807
1.000000 -1.000000
0.704935 0.861292
-1.000000 1.000000
0.325845 0.845173
-1.000000 1.000000
0.715172 0.531512
1.000000 -1.000000
0.435365 0.864439
-1.000000 1.000000
0.706115 0.877194
-1.000000 1.000000
0.766088 0.183188
-1.000000 1.000000
0.608788 0.485317
1.000000 -1.000000
0.272773 0.176886
-1.000000 1.000000
0.323215 0.768639
-1.000000 1.000000
0.153267 0.361266
-1.000000 1.000000
0.464741 0.474475
1.000000 -1.000000
0.292382 0.604015
1.000000 -1.000000
0.799797 0.272137
-1.000000 1.000000
0.364354 0.854743
-1.000000 1.000000
0.356616 0.548619
1.000000 -1.000000
0.661556 0.543980
1.000000 -1.000000
0.280523 0.364953
1.000000 -1.000000
0.605332 0.056033
-1.000000 1.000000
0.231204 0.617147
1.000000 -1.000000
0.749175 0.068277
-1.000000 1.000000
0.593154 0.221832
1.000000 -1.000000
0.858479 0.699447
-1.000000 1.000000
0.478832 0.761552
1.000000 -1.000000
0.460065 0.608105
1.000000 -1.000000
0.205684 0.649372
-1.000000 1.000000
0.238561 0.135922
-1.000000 1.000000
0.930078 0.495571
-1.000000 1.000000
0.181113 0.727512
-1.000000 1.000000
0.751732 0.297208
-1.000000 1.000000
0.635437 0.351582
1.000000 -1.000000
0.432546 0.428458
1.000000 -1.000000
0.214835 0.575297
1.000000 -1.000000
0.079705 0.602286
-1.000000 1.000000
0.801947 0.721815
-1.000000 1.000000
0.890602 0.340735
-1.000000 1.000000
0.189787 0.626299
-1.000000 1.000000
0.813394 0.888613
-1.000000 1.000000
0.728255 0.876713
-1.000000 1.000000
0.340512 0.376908
1.000000 -1.000000
0.192271 0.819471
-1.000000 1.000000
0.693362 0.330366
1.000000 -1.000000
0.979377 0.629456
-1.000000 1.000000
0.715782 0.365457
1.000000 -1.000000
0.010429 0.598113
-1.000000 1.000000
0.167362 0.701671
-1.000000 1.000000
0.144039 0.503914
-1.000000 1.000000
0.209758 0.333416
-1.000000 1.000000
0.835923 0.252029
-1.000000 1.000000
0.189704 0.474715
-1.000000 1.000000
0.418359 0.653987
1.000000 -1.000000
0.646520 0.067834
-1.000000 1.000000
0.486647 0.498039
1.000000 -1.000000
0.598363 0.330107
1.000000 -1.000000
0.654452 0.617715
1.000000 -1.000000
0.253633 0.800281
-1.000000 1.000000
0.063588 0.699761
-1.000000 1.000000
0.389418 0.140181
-1.000000 1.000000
0.400958 0.587394
1.000000 -1.000000
0.496790 0.802771
-1.000000 1.000000
0.547929 0.151152
-1.000000 1.000000
0.109007 0.670406
-1.000000 1.000000
0.148636 0.788398
-1.000000 1.000000
0.279786 0.929333
-1.000000 1.000000
0.433344 0.251451
1.000000 -1.000000
0.142577 0.703295
-1.000000 1.000000
0.442616 0.068518
-1.000000 1.000000
0.834280 0.518219
-1.000000 1.000000
0.061876 0.629629
-1.000000 1.000000
0.827847 0.177749
-1.000000 1.000000
0.410464 0.028854
-1.000000 1.000000
0.805532 0.356734
-1.000000 1.000000
0.630021 0.416886
1.000000 -1.000000
0.028837 0.523979
-1.000000 1.000000
0.429615 0.030425
-1.000000 1.000000
0.888331 0.258725
-1.000000 1.000000
0.891006 0.710421
-1.000000 1.000000
0.890163 0.701381
-1.000000 1.000000
0.300027 0.077557
-1.000000 1.000000
0.534612 0.095741
-1.000000 1.000000
0.325930 0.824030
-1.000000 1.000000
0.830484 0.239887
-1.000000 1.000000
0.615591 0.164215
-1.000000 1.000000
0.366654 0.785243
-1.000000 1.000000
0.451879 0.483590
1.000000 -1.000000
0.681123 0.779227
-1.000000 1.000000
0.506958 0.979607
-1.000000 1.000000
0.745627 0.297861
-1.000000 1.000000
0.596254 0.425122
1.000000 -1.000000
0.288821 0.255281
-1.000000 1.000000
0.540242 0.500815
1.000000 -1.000000
0.645667 0.682210
1.000000 -1.000000
0.862387 0.331265
-1.000000 1.000000
0.634165 0.944721
-1.000000 1.000000
0.422378 0.341915
1.000000 -1.000000
0.381964 0.754685
1.000000 -1.000000
0.600164 0.143218
-1.000000 1.000000
0.086637 0.621866
-1.000000 1.000000
0.766569 0.095602
-1.000000 1.000000
0.151767 0.302471
-1.000000 1.000000
0.405311 0.673933
1.000000 -1.000000
0.967039 0.516176
-1.000000 1.000000
0.440790 0.584819
1.000000 -1.000000
0.963725 0.407243
-1.000000 1.000000
0.696481 0.353888
1.000000 -1.000000
0.706981 0.631538
1.000000 -1.000000
0.289655 0.125132
-1.000000 1.000000
0.430117 0.049879
-1.000000 1.000000
0.524978 0.234341
1.000000 -1.000000
0.787967 0.810314
-1.000000 1.000000
0.938985 0.278657
-1.000000 1.000000
0.554477 0.030085
-1.000000 1.000000
0.348539 0.610719
1.000000 -1.000000
0.408574 0.741784
1.000000 -1.000000
0.842338 0.184540
-1.000000 1.000000
0.499587 0.195920
-1.000000 1.000000
0.908108 0.296091
-1.000000 1.000000
0.151486 0.525844
-1.000000 1.000000
0.493792 0.700057
1.000000 -1.000000
0.490275 0.822320
-1.000000 1.000000
0.592327 0.923215
-1.000000 1.000000
0.377966 0.050696
-1.000000 1.000000
0.631979 0.083022
-1.000000 1.000000
0.881782 0.794613
-1.000000 1.000000
0.366830 0.330997
1.000000 -1.000000
0.390631 0.679028
1.000000 -1.000000
0.405495 0.729240
1.000000 -1.000000
0.044897 0.303264
-1.000000 1.000000
0.267150 0.622060
1.000000 -1.000000
0.362555 0.374705
1.000000 -1.000000
0.437795 0.260063
1.000000 -1.000000
0.676436 0.743873
-1.000000 1.000000
0.425266 0.500641
1.000000 -1.000000
0.559433 0.494462
1.000000 -1.000000
0.945983 0.481964
-1.000000 1.000000
0.252413 0.383611
1.000000 -1.000000
0.562765 0.095490
-1.000000 1.000000
0.765181 0.309826
-1.000000 1.000000
0.442000 0.656959
1.000000 -1.000000
0.199562 0.680274
-1.000000 1.000000
0.129889 0.731959
-1.000000 1.000000
0.796204 0.418907
-1.000000 1.000000
0.174420 0.213304
-1.000000 1.000000
0.560567 0.789642
1.000000 -1.000000
0.070147 0.610307
-1.000000 1.000000
0.116722 0.195506
-1.000000 1.000000
0.727089 0.365956
1.000000 -1.000000
0.413251 0.709429
1.000000 -1.000000
0.413935 0.087544
-1.000000 1.000000
0.391753 0.594279
1.000000 -1.000000
0.037113 0.424916
-1.000000 1.000000
0.434450 0.724990
1.000000 -1.000000
0.672118 0.800469
-1.000000 1.000000
0.338449 0.650386
1.000000 -1.000000
0.447732 0.319423
1.000000 -1.000000
0.699609 0.872247
-1.000000 1.000000
0.886557 0.282612
-1.000000 1.000000
0.238062 0.444529
1.000000 -1.000000
0.921712 0.359855
-1.000000 1.000000
0.282099 0.525390
1.000000 -1.000000
0.635035 0.301145
1.000000 -1.000000
0.353823 0.203283
-1.000000 1.000000
0.329559 0.706171
1.000000 -1.000000
0.748541 0.702745
-1.000000 1.000000
0.316436 0.836453
-1.000000 1.000000
0.576573 0.599547
1.000000 -1.000000
0.653570 0.833470
-1.000000 1.000000
0.827630 0.329010
-1.000000 1.000000
0.491168 0.337448
1.000000 -1.000000
0.086738 0.321584
-1.000000 1.000000
0.755696 0.329977
-1.000000 1.000000
0.390964 0.364314
1.000000 -1.000000
0.650752 0.585989
1.000000 -1.000000
0.145318 0.755948
-1.000000 1.000000
0.669350 0.941252
-1.000000 1.000000
0.522377 0.978829
-1.000000 1.000000
0.884891 0.537762
-1.000000 1.000000
0.527761 0.536737
1.000000 -1.000000
0.661934 0.631973
1.000000 -1.000000
0.587098 0.530421
1.000000 -1.000000
0.567304 0.152735
-1.000000 1.000000
0.812823 0.777150
-1.000000 1.000000
0.534766 0.357007
1.000000 -1.000000
0.663090 0.759575
-1.000000 1.000000
0.389238 0.288350
1.000000 -1.000000
0.784656 0.712168
-1.000000 1.000000
0.537264 0.927468
-1.000000 1.000000
0.092630 0.532796
-1.000000 1.000000
0.326029 0.173549
-1.000000 1.000000
0.143502 0.329165
-1.000000 1.000000
0.709459 0.101371
-1.000000 1.000000
0.948725 0.687439
-1.000000 1.000000
0.965781 0.555647
-1.000000 1.000000
0.295362 0.695299
1.000000 -1.000000
0.482749 0.216694
1.000000 -1.000000
0.971362 0.552376
-1.000000 1.000000
0.146218 0.580623
-1.000000 1.000000
0.733936 0.434275
1.000000 -1.000000
0.634801 0.220730
-1.000000 1.000000
0.745119 0.508348
1.000000 -1.000000
0.760191 0.386600
1.000000 -1.000000
0.279116 0.834511
-1.000000 1.000000
0.803611 0.699143
-1.000000 1.000000
0.436645 0.591679
1.000000 -1.000000
0.609379 0.923963
-1.000000 1.000000
0.650222 0.660089
1.000000 -1.000000
0.948644 0.468108
-1.000000 1.000000
0.224824 0.189598
-1.000000 1.000000
0.683305 0.609873
1.000000 -1.000000
0.397877 0.394264
1.000000 -1.000000
0.946147 0.336496
-1.000000 1.000000
0.617615 0.031920
-1.000000 1.000000
0.537577 0.143630
-1.000000 1.000000
0.294160 0.493155
1.000000 -1.000000
0.235644 0.325271
-1.000000 1.000000
0.331455 0.448047
1.000000 -1.000000
0.699126 0.823037
-1.000000 1.000000
0.336058 0.808551
-1.000000 1.000000
0.190560 0.351401
-1.000000 1.000000
0.390224 0.917651
-1.000000 1.000000
0.782660 0.821736
-1.000000 1.000000
0.559856 0.213390
1.000000 -1.000000
0.689080 0.825341
-1.000000 1.000000
0.063607 0.480802
-1.000000 1.000000
0.434234 0.552421
1.000000 -1.000000
0.930630 0.373585
-1.000000 1.000000
0.126317 0.782472
-1.000000 1.000000
0.498221 0.390211
1.000000 -1.000000
0.022948 0.574813
-1.000000 1.000000
0.497587 0.772363
1.000000 -1.000000
0.471423 0.378745
1.000000 -1.000000
0.759637 0.251795
-1.000000 1.000000
0.904006 0.226452
-1.000000 1.000000
0.082702 0.685167
-1.000000 1.000000
0.456753 0.487689
1.000000 -1.000000
0.587919 0.451457
1.000000 -1.000000
0.451555 0.045974
-1.000000 1.000000
0.401102 0.057377
-1.000000 1.000000
0.377003 0.814535
-1.000000 1.000000
0.391355 0.800425
-1.000000 1.000000
0.173975 0.665306
-1.000000 1.000000
0.166993 0.586525
-1.000000 1.000000
0.600756 0.706869
1.000000 -1.000000
0.216182 0.792658
-1.000000 1.000000
0.476217 0.408959
1.000000 -1.000000
0.675540 0.178630
-1.000000 1.000000
0.898333 0.431412
-1.000000 1.000000
0.762377 0.144502
-1.000000 1.000000
0.116905 0.412744
-1.000000 1.000000
0.667900 0.578863
1.000000 -1.000000
0.399568 0.884170
-1.000000 1.000000
0.126301 0.502104
-1.000000 1.000000
0.252124 0.560560
1.000000 -1.000000
0.895026 0.715084
-1.000000 1.000000
0.905957 0.612190
-1.000000 1.000000
0.734842 0.134896
-1.000000 1.000000
0.730023 0.395588
1.000000 -1.000000
0.135399 0.483141
-1.000000 1.000000
0.708375 0.332787
1.000000 -1.000000
0.623492 0.448724
1.000000 -1.000000
0.596632 0.132658
-1.000000 1.000000
0.875326 0.546030
-1.000000 1.000000
0.416435 0.555792
1.000000 -1.000000
0.850927 0.820128
-1.000000 1.000000
0.425364 0.191273
-1.000000 1.000000
0.076235 0.617051
-1.000000 1.000000
0.599691 0.199802
-1.000000 1.000000
0.856089 0.670625
-1.000000 1.000000
0.143380 0.276452
-1.000000 1.000000
0.799334 0.846398
-1.000000 1.000000
0.576641 0.598539
1.000000 -1.000000
0.469823 0.044572
-1.000000 1.000000
0.086425 0.443816
-1.000000 1.000000
0.669328 0.092848
-1.000000 1.000000
0.627955 0.954384
-1.000000 1.000000
0.609156 0.047990
-1.000000 1.000000
0.257374 0.583765
1.000000 -1.000000
0.557774 0.694777
1.000000 -1.000000
0.438922 0.264028
1.000000 -1.000000
0.555531 0.492569
1.000000 -1.000000
0.465414 0.366304
1.000000 -1.000000
0.314208 0.542568
1.000000 -1.000000
0.657315 0.256528
1.000000 -1.000000
0.969761 0.426666
-1.000000 1.000000
0.418458 0.114169
-1.000000 1.000000
0.847394 0.292972
-1.000000 1.000000
0.918802 0.516162
-1.000000 1.000000
0.541343 0.575655
1.000000 -1.000000
0.557734 0.289673
1.000000 -1.000000
0.170979 0.724636
-1.000000 1.000000
0.226701 0.190169
-1.000000 1.000000
0.750168 0.612705
1.000000 -1.000000
0.774449 0.685136
-1.000000 1.000000
0.387130 0.317810
1.000000 -1.000000
0.418570 0.319600
1.000000 -1.000000
0.503650 0.998146
-1.000000 1.000000
0.814987 0.335434
-1.000000 1.000000
0.515647 0.935498
-1.000000 1.000000
0.405717 0.870311
-1.000000 1.000000
0.102155 0.221609
-1.000000 1.000000
0.929257 0.635584
-1.000000 1.000000
0.167116 0.173470
-1.000000 1.000000
0.471939 0.615680
1.000000 -1.000000
0.571670 0.743664
1.000000 -1.000000
0.336208 0.134951
-1.000000 1.000000
0.834816 0.805525
-1.000000 1.000000
0.105761 0.353331
-1.000000 1.000000
0.606377 0.384022
1.000000 -1.000000
0.839590 0.382063
-1.000000 1.000000
0.622121 0.141874
-1.000000 1.000000
0.203913 0.329822
-1.000000 1.000000
0.845597 0.682930
-1.000000 1.000000
0.698095 0.429795
1.000000 -1.000000
0.304567 0.457504
1.000000 -1.000000
0.928255 0.448571
-1.000000 1.000000
0.524355 0.451663
1.000000 -1.000000
0.352585 0.705063
1.000000 -1.000000
0.723856 0.456480
1.000000 -1.000000
0.657837 0.295170
1.000000 -1.000000
0.322564 0.478617
1.000000 -1.000000
0.138317 0.269878
-1.000000 1.000000
0.896866 0.223046
-1.000000 1.000000
0.856754 0.662469
-1.000000 1.000000
0.115125 0.575976
-1.000000 1.000000
0.454269 0.007046
-1.000000 1.000000
0.364614 0.716261
1.000000 -1.000000
0.256143 0.506830
1.000000 -1.000000
0.094693 0.767529
-1.000000 1.000000
0.018393 0.414402
-1.000000 1.000000
0.077295 0.249394
-1.000000 1.000000
0.040286 0.495954
-1.000000 1.000000
0.641381 0.610466
1.000000 -1.000000
0.272313 0.203649
-1.000000 1.000000
0.200948 0.817982
-1.000000 1.000000
0.286384 0.545450
1.000000 -1.000000
0.849911 0.394259
-1.000000 1.000000
0.720899 0.715094
-1.000000 1.000000
0.555662 0.308425
1.000000 -1.000000
0.825724 0.551937
-1.000000 1.000000
0.481828 0.180595
-1.000000 1.000000
0.248306 0.649023
1.000000 -1.000000
0.354574 0.068306
-1.000000 1.000000
0.498438 0.950738
-1.000000 1.000000
0.471257 0.435293
1.000000 -1.000000
0.432986 0.834622
-1.000000 1.000000
0.468886 0.232551
1.000000 -1.000000
0.415085 0.640858
1.000000 -1.000000
0.279104 0.933423
-1.000000 1.000000
0.662371 0.092440
-1.000000 1.000000
0.592995 0.123531
-1.000000 1.000000
0.785470 0.824152
-1.000000 1.000000
0.653910 0.879779
-1.000000 1.000000
0.415266 0.664444
1.000000 -1.000000
0.568761 0.046107
-1.000000 1.000000
0.313525 0.744136
-1.000000 1.000000
0.574138 0.180431
-1.000000 1.000000
0.494441 0.026607
-1.000000 1.000000
0.602471 0.308963
1.000000 -1.000000
0.335739 0.334002
1.000000 -1.000000
0.859612 0.752433
-1.000000 1.000000
0.688139 0.945278
-1.000000 1.000000
0.448131 0.680392
1.000000 -1.000000
0.579947 0.082143
-1.000000 1.000000
0.849585 0.206773
-1.000000 1.000000
0.783738 0.136221
-1.000000 1.000000
0.094808 0.714607
-1.000000 1.000000
0.214770 0.859587
-1.000000 1.000000
0.262422 0.427874
1.000000 -1.000000
0.242582 0.208974
-1.000000 1.000000
0.627323 0.066579
-1.000000 1.000000
0.388744 0.727711
1.000000 -1.000000
0.375837 0.823675
-1.000000 1.000000
0.940544 0.379813
-1.000000 1.000000
0.227312 0.734475
-1.000000 1.000000
0.672366 0.077945
-1.000000 1.000000
0.207253 0.177281
-1.000000 1.000000
0.431489 0.647731
1.000000 -1.000000
0.595937 0.246545
1.000000 -1.000000
0.456567 0.130309
-1.000000 1.000000
0.342657 0.902252
-1.000000 1.000000
0.681590 0.324971
1.000000 -1.000000
0.348025 0.419320
1.000000 -1.000000
0.490566 0.495354
1.000000 -1.000000
0.151695 0.583520
-1.000000 1.000000
0.866567 0.162501
-1.000000 1.000000
0.308292 0.708166
1.000000 -1.000000
0.076697 0.339377
-1.000000 1.000000
0.949069 0.322399
-1.000000 1.000000
0.329375 0.629093
1.000000 -1.000000
0.941751 0.629959
-1.000000 1.000000
0.324801 0.590951
1.000000 -1.000000
0.101229 0.437742
-1.000000 1.000000
0.741974 0.344938
1.000000 -1.000000
0.335875 0.717634
1.000000 -1.000000
0.464343 0.464748
1.000000 -1.000000
0.206275 0.874825
-1.000000 1.000000
0.668898 0.126384
-1.000000 1.000000
0.757423 0.809864
-1.000000 1.000000
0.153641 0.576214
-1.000000 1.000000
0.702045 0.057133
-1.000000 1.000000
0.804065 0.368272
-1.000000 1.000000
0.109143 0.592937
-1.000000 1.000000
0.152383 0.269341
-1.000000 1.000000
0.604784 0.835841
-1.000000 1.000000
0.783111 0.545851
1.000000 -1.000000
0.902081 0.235692
-1.000000 1.000000
0.597149 0.541044
1.000000 -1.000000
0.278235 0.072439
-1.000000 1.000000
0.488242 0.193616
-1.000000 1.000000
0.045191 0.667937
-1.000000 1.000000
0.625496 0.488155
1.000000 -1.000000
0.678941 0.829682
-1.000000 1.000000
0.500465 0.248328
1.000000 -1.000000
0.054568 0.585577
-1.000000 1.000000
0.557152 0.340971
1.000000 -1.000000
0.856672 0.675715
-1.000000 1.000000
0.532673 0.859424
-1.000000 1.000000
0.660425 0.131199
-1.000000 1.000000
0.748636 0.100514
-1.000000 1.000000
0.435511 0.563455
1.000000 -1.000000
0.076214 0.339453
-1.000000 1.000000
0.198603 0.773011
-1.000000 1.000000
0.535614 0.280591
1.000000 -1.000000
0.649505 0.872479
-1.000000 1.000000
0.406621 0.340922
1.000000 -1.000000
0.941251 0.564303
-1.000000 1.000000
0.790357 0.544394
1.000000 -1.000000
0.912271 0.513081
-1.000000 1.000000
0.372712 0.141762
-1.000000 1.000000
0.518650 0.653587
1.000000 -1.000000
0.596231 0.087420
-1.000000 1.000000
0.421280 0.396408
1.000000 -1.000000
0.553135 0.556863
1.000000 -1.000000
0.512181 0.916029
-1.000000 1.000000
0.402785 0.825560
-1.000000 1.000000
0.524454 0.380383
1.000000 -1.000000
0.227642 0.378550
1.000000 -1.000000
0.073709 0.351831
-1.000000 1.000000
0.573040 0.417625
1.000000 -1.000000
0.917223 0.246279
-1.000000 1.000000
0.682335 0.661689
1.000000 -1.000000
0.118167 0.342002
-1.000000 1.000000
0.528600 0.459095
1.000000 -1.000000
0.696907 0.777631
-1.000000 1.000000
0.483376 0.481046
1.000000 -1.000000
0.163317 0.311851
-1.000000 1.000000
0.876078 0.389810
-1.000000 1.000000
0.834527 0.833298
-1.000000 1.000000
0.940164 0.466251
-1.000000 1.000000
0.939244 0.729720
-1.000000 1.000000
0.729487 0.140081
-1.000000 1.000000
0.162268 0.697426
-1.000000 1.000000
0.320002 0.824989
-1.000000 1.000000
0.600179 0.276569
1.000000 -1.000000
0.889513 0.472465
-1.000000 1.000000
0.269029 0.534113
1.000000 -1.000000
0.321111 0.111976
-1.000000 1.000000
0.596298 0.046082
-1.000000 1.000000
0.638694 0.302581
1.000000 -1.000000
0.555048 0.069622
-1.000000 1.000000
0.033931 0.660836
-1.000000 1.000000
0.386501 0.412817
1.000000 -1.000000
0.311614 0.873601
-1.000000 1.000000
